17 0
64 1 2 3 4 5 6 7 8 9 10 11 12 13 14 15 16 17 18
95 19 20 21 22 23 24 25 26 27 28 29 30 31 32 33 34
120 35 36 37 38 39 40 41 42 43 44 45 46 47 48 49 50 51 52 53 54 55 56 57 58 59 60 61 62 63 64 65 66 67 68 69 70 71 72 73 74 75 76 77 78 79 80
128 81 82 83 84 85 86 87 88 89 90 45 46 47 48 51 72 91 92 93 94 95 96 97 98 99 100 101 102 103 79 25 104 14 105 106 107 108 40 109 110 111 59 54 112 113 114 62 60 115 116 117 118 119 120 121 122 123 124 125 126 127 128 129 130 131 17 132 133 134 70 135 55 136 137 138 43 139 140 141 142 143 144 145 146 147 148 149 150 151 152 153 154 80 155 156 157
132 158 159 160 161 98 162 163 164 165 166
189 167 106 104
204 168 169
270 170
278 171 172 173 174 175 176 177 178 179 180 181 28 182 183 184 185 186 187 188
315 189 104 190
317 191 192 104 142 193 194
319 195 196 197 198
341 199 94 106 200 201 202 127 203 204 205 193 117 173 140 206 207 184 208 40 209 43 210 211 212 159 213 214 215 14 216 217 218 219 25 220 221 222 150 223 224 225 226 227 228 229 230 109 231 232 233 234 235 236 237 105 104 238 239 240 241 126 242 243 155 38 244 245 21 160 246 247 248 249 250 251 252 253 254 255 256 257 258 259 260 261 262 263 264 265 266 267 268 269 270 271 272 273 274 98 275 276 277 278 279 17 134 280 281 282 283 284 161 285 286 287 288 289 290 291 292 293 294 295 296 297 177 298 299 163 300 142 301 302 303 304 305 306 307 308 46 309 310 311 312 313 314 198 315 183 316 317 318 319 320 321 322 323 324 325 326 327
347 328 207 329 330 331 332 333
358 334 335
369 109 336 337 338 339 340 341 342 343 198 91 344 345 280 346 347 155 348 349 350 351 352 353 354 355 98 356 78 357 358 359 360 361
394 362
408 46 363 19 142 239 281 270 109 364 365 366 367 138 295 368 296
450 369 173 370 352 371 14 372
468 183 373 126 374 95 292 105 375 175 201 280 376 377 378 379 197 380 35 341 66 381 382
481 306
488 383
499 384
504 385 386 94 40 252 387 388 103 250 322 389 200 390 14 79 132 391 187 109 392 167 319 269 393 394 214 159 199 238 90 395 396 397 142 398 399 192 249 400 35 127 401 45 292 201 36 402 403 404 217 163 405 19 43 406 104 239 407 379
533 103 408 175 409 316 161 14 105 159 410 366 411 412 413 104 414 98 415 203 94 416 207 109 44 215 417 418 303 419 420 421 422 250 423 16 308 424 145 425 426 427 428 365
539 134 25
557 375 429 430 6 8 431 432 433 5 9 434 435 7 4 1 10 436 11
569 215 293 437 294 203
585 438 36 439
618 440 160 441 442 273 443 25 444 387 445 40 325 446 447 448 449 450 203 386 451 452 453 306 454 455 456 457 458 172 459 269 460 461 59 319 462 463 464 465 466 467 468 469 470 471 472 473 474 475 476 477 478 171 26 22 479 480 481 482 483 484 176 173 485 486 379 487 488 337 489 490 491 492 493 494 495 496 302 497 375 436 201 398 498 499 500 501 502 503 504 505 506 507 508 509 510 397 511 132 247 512 513 19 514 515 516 380 517 518 519 520 438 521 66 522 88 90 292 523 524 525 526 527 84 528 529 530 531 313 532 267 533 151 320 534 388 535 536 81 537 538 115 55 539 540 541 542 543 544 54
630 358 203 545 215 173 251 546 547 201 171 109 26 315 431 548 549 265 19 16 550 551 142 552 378 553 554 555 556 557 104 167 558 559 560 561 562 563 564 565 566 164 567 568 569 198 570 159 571 572 573 574 575 160 44 576 40 577 422 389 98 322 578 280
661 346
692 201 142 207 103 36 322 579 280 126 22 183 580 213 214 581 26 14 582 255 104 402 269 251 408 476 79 35 265 583 271 584 250 159 585 586 44
693 587 588 589
728 389 323 590 55 289
738 591 592 593 233 47 109 594 595 596 597 310 598 35 292 599 563 600 601 602 603 604 605 606 607 379 608 609 610 611 21 422 165 253 612 419
767 231 613 614
769 239 568 313 159 615 616 617 618 619 90 620 6 621 351 161
785 246 622 623
786 196
857 624
887 625 224
909 8 626 432 9 433 6 5 434 435 7 436 4 10 627 628 629 430 1 11
963 142 239 215 287 630 104 540 161 301 631 632 9 633 634 635 485 636 637 638 237 639 497 173 192 640 25 641 642 553 643 315 183 644 40 102 645 109 646 175 647 648 498 159 193 160 368 414 201 375 251 316 94 14 280 520 649 158 241 650 651 652 653 654 655 656 22 258 567 305 255 272 226 657 658 69 46 659 397 589 98 419 429 660 661 367 662 663 393 664 665 615 666 667 165 320 265 668 669 139 398 670 671 150 672 673 674 675 452
968 676 265 547 677 678 173 679 215 271 680 79 97 681 682 683 255 684 35 685 568 93 160 686 237
970 687
974 688 689 690 691 234
1014 692 693
1165 694 695
1243 142 393 556 409 263 696 104 14 105 57 697 46 698 699 700 114
1267 216
1276 701
1287 702 419 703
1375 110
1386 704 705 706
1407 707 101 94 708 61 192 109 159 161 14 709 98 162
1417 710 250 128 711 712 713 714 715
1446 252 451 589 108 109 716 137 138 43 717 718 55
1452 183 719
1482 720
1506 253
1514 173 721 722
1517 723 142 724 532
1522 725
1583 726
1586 117 103 619 727 728 729 193 160 161 408 255 710 730 104 215 271 35 581 210 438 251 731 732 389 733 390 323 198 734 302 735 736 737 738 265 739 740 14 105 741 742 743 229 292 372 744 745 746 79 747 748 387 749 250 216 430 750 376 751 752 200 753 280 754 755 94 395 106 756 757 322 758 36 288 125 759 760 761 762 634 763 764 587 765 400 159 68 708 207 429 766 281 270 295 362 767 768
1587 769 770 771 666 398 772 458 733 773 774 589 201 775 776 273 777 778 779 633 252 268 605 414 780 319 239 215 192 630 781 540 161 782 783 160 784 127 785 203 386 204 95 193 105 786 787 788 236 44 789 790 791 237 569 792 431 793 234 94 465 794 795 298 637 188 419 269 375 796 17 606 390 212 797 159 635 250 322 649 385 645 647 498 553 368 798 615 799 800 801 802 803 804 805 126 806 807 808 809 810 811 812 625 813 445 814 815 816 255 817 227 818 228 819 229 317 97 471 735 737 739 740 14 820 409 251 532 316 821 822 823 376 824 231 825 366 826 139 438 230 827 828 829 43 830 831 607 832 292 833 575 834 835 836 83 583 837 838 486 839 840 841 842 843 313 462 241 651 656 844 845 453 846 847 701 397 848 39 849 850 671 851 852 853 854 855 749 691 679 138 274 393 856 857 858 437 294 658 859 296 860 381 217 163 861 862 563 497
1592 863 157 864
1601 865 866 155 591 356 532
1615 441
1622 251 43 292 161 372 280 574 117 772 201 98
1628 106 322 40 591 215 199 201 94 859 666 635 265 774 154 35 798 867 675 868 204 804 105 869 117 268 605 409 160 453 630 214 509 167 379 870 871 872 255 104 207 184 348 287 292 14 873 45 46 279 732 874 213 43 210 743 267 42 183 875 876 414 216 587 877 211 878 581 879 126 273 387 488 880 881 882 652 79 385 458 883 884 221 885 886 887 218 888 889 316 234 890 647 891 238 738 736 892 893 894 895 896 350 266 897 898 551 899 900 901 249 408 5 902 903 904 750 905 906 716 907 449 908 51 390 57 909 426 281 270 295 910 191 568 911 796 912 364 683 161 359 913 914 589 400 915 380 405 338 916 917 137 918 372 919 920 921 690 696 922 351 224 236 170 923 437 924 925 251 155 294 532 239 926 927 192 269 928 112 661 560 929 930 931 932 394 846 933 134 639 934 19 935 202 310 217 250 936 937 601 938 313 710 150 939 940 941 257 17 843 942 943 98 425 108 944 945 595 946 947 948 949 950 951
1643 952 953
1661 684 954 269 43 12 207 35 255 104 251 955 316 387 468 393 956 59 173 471 587 957 958 391 959 960 961 962 509 963 964 965 966 265 94 804 201 249 967 710 221 250 216 419 549 968 605 969 228 281 236 295 105 263 611
1677 587 739 970 971 252 268 647 972 46 973 293 591 295 38 974 392 975 315 173 127 344 229 204 95 105 201 183 117 17 273 159 47 319 800 468 976 470 977 380 644 172 251 509 937 167 978 271 1 301 979 633 634 497 481 482 980 981 140 982 983 45 416 422 984 431 755 731 985 292 215 267 986 246 605 290 287 772 801 802 803 804 316 387 9 888 792 987 631 429 414 40 61 887 988 796 79 94 154 139 989 253 433 576 269 239 990 192 991 992 646 651 993 656 308 104 575 994 386 230 924 995 37 996 602 523 997 998 916 294 999 1000 1001 379 199 187 1002 180 475 1003 1004 884 160 378 683 1005 1006 142 794 701 20 1007 782 1008 946 562 255 258 498 881 740 398 376 671 851 236 1009 1010 331 1011 340 165 756 1012 317 1013 375 1014 1015 272 1016 556 657 396 1017 1018 1019 1020 341 1021 158 654 397 393 305 1022 1023 385 1024 1025 1026 1027 557 1028 1029 126 241 1030 1031 280 198 1032 297 250 1033 98 1034 1035 264 76 413 1036 1037 1038 279 1039 612 1040 1041 1042 303 304 1043 226 358 1044 1045 1046 1047 1048 1049 1050 351 1051 1052 73 1053 1054 1055 1056 367 942 675 1057 1058 109 78 381 169 191 391 949 847 91 1059 1060 1061 1062 237 589 1063 681 1064 1065 1066 11 1067 1068 563 774 1069 1070 1071 1072 324 1073 1074 1075 365
1718 1076
1740 1077 1078 1079 315 1080 1081 1082 958 1083 106 1084 1085 846 1086 367 741 639 498 1087 1088 732 1089 1090 1091 1092 1093 90 1094 1095 199 1096 1097 1098 1099 1100 1101 859 416 1102 280 1103 1104 1105 1106 1107 1108 1109 1110 380 1111 1112 1113 778 579 426 1114 1115 912 1116 1117 1118 1119 660 255 710 1120 35 1121 1122 1123 1124 1125 830 1126 1127 1128 619 711 954 1129 1130 447 991 246 1131 259 86 1132 1133 1134 1135 1136 198 109 1137 1138 1139 1140 1141 452 242 1142 1143 1144 1145 1146 1147 1148 1149 1150 1151 1152 1153 1154 214 851 1155 155 794 1156 1157 1158 436 1159 1068 1160 791 1161 1162 1163 1164 970 1165 1166 792 89 1167 966 833 1168 1169 1170 1171 566 1172 1173 1174 1175 8 727 1176 766 1177 1178 1179 1180 1181 1182 1183 1059 1184 431 1185 1186 1187 1188 1189 190 1190 186 1191 1192 1193 1194 43 1195 1196 1197 230 1198 1199 1200 1201 1202 333 1203 1204 1205 1206 165 1207 1208 1209 200 564 1210 1211 153 1212 1213 1214 182 1215 173 1216 1217 1218 1219 556 1220 682 1221 1222 1223 728 1224 1225 1226 1227 1008 1228 97 1229 1230 1231 1232 1233 1234 1235 1236 1237 1238 1239 1240 1241 1242 1243 1244 1245 1246 1247 1248 651 355 1249 1250 1251 1252 1253 213 1254 632 1255 1256 1257 541 1258 1259 1260 1261 1262 1263 79 1264 1265 1266 1267 1268 366 1075 1269 1270 1271 1272 25 235 1273 1274 1275 1276 1277 1278 1279 1280 627 1281 806 911 1282 1283 1284 1285 716 1286 1287 1288 1289 292 1290 1291 895 1292 1293 1294 1295 1296 1297 1298 1299 9 180 1300 1301 1302 1303 1304 613 1305 1306 1307 1308 1309 236 1310 1311 1033 1312 362 1313 635 1314 1315 1316 1317 45 1318 1319 1320 1321 1322 517 1323 1324 1325 1326 1327 1328 1329 1330 1331 395 1332 118 1333 1334 1335 1336 1337 1338 1339 1340 1341 1342 1343 193 1344 1345 1346 1347 1348 6 1349 1350 385 1351 1352 103 47 1353 238 1354 1355 1356 1357 1358 1359 1360 602 1361 1362 1363 1364 1365 1366 1367 1368 1369 1370 1371 1372 204 1373 1374 1007 1375 1376 1377 1378 1379 671 1380 1381 1382 1383 1384 1385 518 1386 1387 1388 1389 1390 1391 1392 1393 1394 400 1395 435 7 1396 735 1397 1398 1399 1400 1401 772 799 1402 1403 4 1404 767 1405 1406 1407 1408 161 1409 1410 1411 1412 1413 1 1414 1415 1416 1417 1418 1419 1420 1421 1422 1423 295 1072 1424 557 1425 1426 1427 1428 1429 753 1430 1431 1432 503 341 1433 1434 1435 1436 1437 427 935 1438 749 925 1439 1440 1441 1442 263 1443 1444 1445 1446 249 1447 267 681 512 1448 1449 1450 1451 1452 1453 1454 1455 1456 1457 1458 1459 1460 997 1461 1462 983 1463 989 1464 934 1465 1466 1467 1468 405 61 1469 1470 1066 1471 1472 1473 1474 1475 1476 1477 368 1478 1479 1480 1481 1482 1483 1484 1485 163 1486 1487 1488 1489 1490 1491 1492 393 1493 1494 843 514 1495 1496 1497 126 1498 1499 1500 1501 1502 736 288 1503 642 1504 1505 1506 1507 1508 1509 480 1510 5 1511 1512 1513 11 1514 17 864
1754 587 94 251 221 859 215 912 79 1515 1516 103 1517 193 878 728 1518 393 14 422 98 1519
1762 480 1520 859 644 268 1521 386 662 173 637 1522 208 43 200 1523 541 22 140 1524 798 246 1168 732 838 1035 1525 1013 466 888 1526 205 90 1527 792 1528 193 365 295 1529 282 1530 1531 400
1774 215 581 1532 211 589 139
1815 1533 204
1825 1534 1535
1834 11 432 9 1 1536 4 6 434 433 10 5 435 7 8 430
1843 274 1537
1848 1006 247 804 771 800 772 265 774 201 187 254 10 142 656 1538 432 665 1539 1540 1541 918 645 159 160 1542 162 239 798 666 1543 1544 241 1527 1545 104 190 514
1866 19 25 1546 578 1547 40 1548 413
1909 69
1931 183 375 422 381 393 1549 170 1550 1551 437
1934 198
1965 1552 1553 230 1554 1555 1556 1557 455 395 90 1558 1559 43 305 9 1560 1404 1561 498
2000 10 432 434 1 6 4 2 627 11 5 433 435 7 8 743 430 3 9 1562
2023 739 106 35 991 1563 400 1564 239 1565 199 302 876 1566 934
2040 257
2050 46
2061 239 255 307 199 397 26 1567 427 1568 1190 935 545 173 237 1569 774 587 1337 1570 1571 729 642 1572 19 22 1573 1574 105 1575 1576 1577 1459 1177 631 634 1578 1579 1580 226 1581 1582 1583 1584 834
2080 1585 1586 1587
2106 100
2107 730
2119 35
2159 255 555
2187 405 732 783 202 315 1281 587 1384 165 1588 707 911 1589 1590 110 394 759 1591 69 923 761 400 935 214 1592 1593 680 1594 869 451 1595 1596 1597 1598 1246 1512 201 1073 138 296 1599 109 1600 1601 603 114 1602 1603 1604 563 40 346 406 1605 1606 1607 1608 1609 134 1610 1611 1612 1440 1613 1614 237 950
2192 708 158 348 367 37 160 207 401 105 239 614 495 1615 104 935 1409 510 341 585 155 35 36 1020 66 251 1616 93 464 97 1617 410 252 936 250 371 690 1532 292 1618 1619 109 1003 1620 316 1621 230 1622 548 1623 375 988 154 1470 1624 142 485 295 280 941 1625 288 274
2196 19 1626 424
2216 1627 97 395 268
2227 25 108 270 1628 874
2231 106 480
2247 647 991 104 859 408 1275 239 106 1629 295 798 394 173 271 181 263 159 258 270 1630 992 240 1631 1632
2269 271 774 201 1633 173 103 249 250 322 161 142 109 27 568 35 159 198 657 566 1634 104 14 98 1635 96 455 408 105 293 302 215 749 581 1636 882 287 1637 407 1638 1639 25 1640 258 1641 280 582 513 172 1642 351 15 207 1643 1644 76 125 138 43 44 1645 1646 668 270 1459 571 1453 422 1647 1057 183 414
2273 375 251 671 458 203 859 201 770 666 200 774 1000 1648 1649 103 35 476 322 323 204 95 555 408 890 766 1650 94 1651 881 1652 348 1653 750 173 390 429 485 1654 1655 239 630 876 581 161 14 743 105 877 271 419 438 732 389 657 104 1656 1657 1633 1658 1271 366 211 1659 804 142 84 1660 1661 619 231 1662 1663 265 739 234 316 292 280 1664 495 1665 250 216 794 1666 350 249 1667 1580 333 532 1006 701 1668 261 1669 524 1670 980 320 1671 355 1672 258 567 287 1673 757 1674 1675 858 61 1676 1029 128 1677 841 1678 568 1679 883 1680 1681 1682 293 437 448 658 281 1683 19 557 1684 1685 1686 1020 1687 76 217 936 1688
2275 160 1689
2294 322 63 471
2297 214
2298 514 1690 480 197 1691 1022 40 1692 468 1693 1113 387 1694 305 109 510 229 205 413 1695 292 302 798 1696 104 675 106 1697 591 1698 1699 1142 1035 57 1700 381 541 573 19 805 126 22 1078 26 1701 1702 215 173 103 408 271 255 226 657 161 1527 729 159 394 162 251 587 1650 216 94 859 870 645 142 301 633 419 497 554 545 1703 172 1704 736 734 923 400 1705 184 1349 1457 651 978 1706 614 860 1707 1708 482 44 374 117 236 512 977 1709 422 566 1710 774 237 589 279 581 549 879 647 1617 231 1711 211 451 98 102 1629 1459 1491 321 1102 280 1352 1660 165 1712 414 452 1713 569 227 228 105 252 268 320 177 45 46 160 379 884 79 14 1714 776 1564 1021 158 258 1524 1715 1475 1716 183 1717 1223 1206 912 728 1518 1718 1512 958 913 917 1719 1720 1721 1722 898 1723 16 429 1724 319 1254 1725 1188 1077 127 1726 551 1727 25 167 270 1728 295 1729 397 919 47 1730 287 1731 392 201 425 155 375 438 313 532 1732 980 1588 1733 1734 1735 1541 507 139 853 1062 1736 35 590 37 38 1128 239 240 192 1737 756 1738 932 367 1739 509 1740 269 575 498 642 1120 556 557 36 731 806 1741 810 1111 1742 684 1743 122 1621 1744 309 17 1745 1746 691 230 1747 753 241 1581 1748 1749 1750 567 1751 1426 352 550 631 1580 846 794 858 273 199 297 380 605 1752 1753 1754 1444 1755 781 1756 1757 895 716 265 1758
2351 197
2366 248
2422 167 319 269 380 379 497
2464 400
2469 1556
2473 159 160 308
2482 1759 198
2491 750 1760 390 173 366 234 316 14 201 306 817 843 320 319 770 45 532 1006 1761 752 1762 437 1684 718 193 916 1763 379 615 581 265
2514 188 14
2525 1764
2606 1765
2610 438 458 859 776 40 1766 460 25 967 387 173 386 475 568 1767 110 792 1768 1769 1770 372 1771 1772 413 1773 1774 331 200 94 628 263 1775 106 1776 44 1004 1777 1536 895 851 236 1778 201 270 271 295 1779 57 1780 96 325 1394 1781
2649 250 201
2660 1782
2668 1783 1784 125 1785 1786 1787 1788
2701 239 375 429 666 255 226 199 104 106 201 280 215 271 1650 631 84 660 696 35 14 105 142 556 287 46 557 657 1789 161 301 302 173 1790 675 794 547 589 393 1791 1792 238 912 1793 847 398 9 422 731 1794 220 578 316 292 581 91 1795 93 98 172 710 250 911 376 1796 344 983 69 90 730 167 139 884 38 202 1120 1797 251 198 714 1684 804 566 313 249 237 270 268 175 386 395 662 619 200 649 892 895 384 94 596 150 208 295 1019 47 1686 127 109 712 1798 257 563 943 304 305 307 1683 1799 880 160 940 364 36 1769 1800 336 1801 641 510 544 548 254 485 1057 192 5 753 1512 183 665 61 651 1802
2712 1803
2720 1526 230
2741 654 1237 1529 1728 245 255
2749 983
2750 155 599 1804 711 1655 588 1805 422 1475 1806 1453 1807 619 1808 1809 1810 1811 1812 1813
2833 270
2846 1814
2854 247 254 1815 1816 665 1783 432 883 1006 1817 1541 910 308 142 10 1 673 977
2929 1818
2930 750 1760 274 390 1819 501 389 1820 429 1821 323 1822 1823 1824 609 1825 1826 640 630 1827 476 322 1828 203 449 1829 903 1830 1831 319 552 1832 1833 1657 139 1651 1834 66 881 209 211 1835 497 414 222 1836 1837 1838 194 814 1567 1839 84 1840 568 231 1663 217 1000 39 811 1841 1842 1843 1844 1845 458 1846 378 1847 1848 1849 1850 1851 1852 1853 1076 529 445 1854 606 1855 808 1856 1857 1858 1859 758 787 1860 828 1861 1862 1863 1864 1865 1866 1867 1868 594 1869 1870 1871 1872 220 375 950 234 1873 522 591 1874 1875 1876 1877 1878 437 1879 506 853 1724 1748 1728 519 1880 1881 1882 1883 1884 1885 576 1886 258 1608 1887 863 157 1888 1889 1890 1580 1891 1669 532 1892 1893 1894 1895 212 1896 55 559 1897 1737 399 81 537 1898 1899 1900 1901 454 448 1902 1903 1904 1905 1906 1907 1908 453 108 1909 1910 1911 1912 1913 1914 394 1915 1916 1917 1749 1918 1919 544 756 1920 1921 1922 1923 1924 1925 1926 1927 1928 1929 1930 1931 1932 1933 1672 1934 1935 1936 1937 1813 1609 1676 1938 1939 223 1940 306 1941 817 76 569 1942 915 1943 1644 1944 1945 1946 1947 1948 1683 364 1949 138 1950 1951 1952 1953 1954 1955 1956 1957 1958 1959 1960 1961 1962 1963 1964 1965 1966 760 1967 1626 1968 1752 62 1969 1970 313 820 1971 440 1972 320 1973 1974 439 1975 1976 1977 1978 1979 1980 1981 1982 1983 1984 608 1985 1675 1986 1987 502 1664 46 1670 1988 866 1989 1990 1991 1992 1993 1994 1995 1996 1997 834 1998 1755 674 170 1756 1999 2000 1602 2001 2002 514 2003 2004 2005 819 1579 595 658 2006
2944 2007
2986 1527 2008
3027 183 184 575 185 186 160 117 385 109 510 2009 188 199 349 258 159 681 602 187 2010 651 161 295 126 287 567 263 1540 514 2011 25 1015 272 566 251 20 2012 2013 192 241 142 414 106 21 127 297 2014 151 645 201 215 145 845 2015 943 794 563 91 1063 19 22 2016 2017 2018 1067 239 366 155 365 312 2019 237 379 2020 571
3029 2021 707 51 647 2022 1428 2023 214 269 913 4 213 997 632 784 190 140 1487 246 1740 2024 1022 2025 36 901 192 1176 2026 2027 83 1684 1102 2028 400 2029 391 315 587 992 2030 2031 272 2032 2033 973 241
3049 2034 1650 513 1089 251 557 380 250 201 2035 2036 42 40 106 2037 2038 103 2039 859 306 199
3074 386 2040 1674 82 846 941 2041 625 270 972 796 1000 732 2042 446 497 628 258 1316 1592 187 651 348 2043
3079 1850 462 302 104 1275 142 414
3093 1997 834 104 414
3125 151 772 2044 578 568 690 2045 181 2046 35 2047 399 161 1335 268 1935 1491 253 419 386
3144 497 1724 890
3147 68
3161 197
3169 983
3175 36 1653 78 211 2048 1188 809 2049 300 2050 188 14 1394 905 287 351 2051
3176 2052
3206 2053 2054 2055
3216 596
3236 173 615 2056 198 2057 924 2058 2059 386 2060 490 645
3238 545 1710 2061 520 40 2062 1535 801 514 2063 132 2064
3249 393 215 207 766 935 1729 2065 2038 605 836 25 26 236 379 302 398 2066 485 1571 210 104 2067 2068 963 316 632 40 1610 2069 917 352 43 2070 2071 877 2072 2073 1010 177 2074 2075 105 2076 690 691 230 324 1646 2077 142 239 109 727 498 1735 1426 10 2078 1668 1551 556 1631 2079 990 657 1999 557 2080 642 2081 712 106 717 35 271 255 943 2082 1015 2083 252 2084 1761 2085 321 78 578 280 98 190
3255 1801 287 250 2086 2087
3261 2088
3266 801 803 732 194 351 287 2089 2090 2091 36 2092 1741 419 397 740 2093 1742 151 109 25 1113 19 40 2094 2095 605 571 127 358 1026 2096 302 266 134
3319 2097 486 625 2098 1043
3356 563 255 2099 2100 266 199 409
3383 2101 2102 2103 605 19 20 1527 173 729 485 394 1333 728 258 158 273 1733 14 184 618 287 185 567 1457 249 160 591 710 2104 1670 207 2105 590 274 1404 898 2106 1440 297 25 1033 1685 1610 1041
3384 386 204 451 419 98
3395 2107 1617 2108 887 741 273 2109
3413 1699 716 2110 245
3468 203 1710 39 2111
3488 239 192 630 2112 553 631 84 540 1349 854 2113 568 241 1737 199 2114 2115 1747 167 139 2116 25 379 2117
3546 35 201
3561 1628 20 872
3567 173
3574 458 203 563 438 635 91 772 200 774 201 2118 2119 90 302 2120 646 2121 1723 557 104 414 429 36 249 250 1588 322 323 280 1154 802 315 555 183 255 549 226 730 161 2122 400 545 680 2123 546 2124 2125 237 2126 589 2127 172 2128 2129 686 2130 2131 180 588 581 192 575 70 2040 2132 215 267 741 754 221 2133 810 2134 956 336 273 679 269 431 2135 738 647 35 2136 2137 2138 392 142 798 1433 630 2109 876 207 159 43 743 105 1492 422 246 605 290 922 419 784 117 2139 174 491 1681 809 512 230 522 2140 1794 2141 190 2142 801 803 1277 978 1705 1477 208 1523 2041 2143 2144 40 482 2145 2146 628 2147 214 2148 1592 2149 735 2150 2151 2152 691 209 2153 118 2154 1421 66 875 236 1013 2155 2156 1689 287 976 2157 367 932 2158 2159 833 2160 2161 2049 2162 2163 396 2164 1007 25 805 333 2165 92 2166 1733 95 2167 2168 1805 643 2169 204 2170 1090 584 2171 455 98 986 2172 2173 2174 2069 83 617 619 2175 851 1878 1553 898 1153 2176 2177 2083 2178 977 2179 757 263 1529 800 2180 202 1714 2181 671 710 216 430 582 251 737 513 1662 2182 958 14 352 2183 2184 6 2185 650 651 1092 831 2186 2187 2188 2189 1202 2038 792 26 386 794 1753 4 1228 498 2027 42 2190 1729 268 2191 2192 753 2193 2194 103 252 2195 690 341 1532 316 2196 2197 295 2198 154 2021 2199 2200 109 2201 1220 1991 2202 64 60 2203 72 324 186 1224 2204 2205 970 642 999 661 403 2206 766 728 426 767 2207 2208 1118 1599 2111 62 1085 1880 1671 1979 1456 2209 1376 19 330 2210 901 2211 578
3578 45
3594 19 1349 319 1608 184 1714 142 268 605 647 553 917 1786 2212 61 1220 2111 192 557 104 2213 1697 591 2214 2215 2216 287 630 204 237 589 569 2217 228 1726 1038 207 35 36 1653 251 731 200 390 173 127 809 451 750 380 732 379 475 273 532 773 59 495 118 506 210 306 462 825 2218 2219 344 2220 2221 2222 1641 265 14 263 68 471 2223 2224 1579 2225 1015 103 667 2226 354 1588 44
3627 8
3659 368 386
3663 532 2227 274 137
3706 298
3738 159
3759 2228 2229 606 2230
3795 197 2231 360
3820 2232 35 43 211 2233 104 1811 677 14 1358 258 567 236 2234 2235 2236 866 189 586 274 2237
3846 1526
3865 2238
3869 666 255 199 94 104 106 1433 375 2021 203 221 229 859 778 380 780 319 173 127 273 204 95 2239 206 1421 207 175 301 302 631 497 915 183 17 231 555 366 917 103 251 211 414 587 1512 2240 226 781 35 581 591 907 292 2127 235 105 142 556 696 2241 1090 102 287 215 271 192 728 98 397 2071 996 2242 117 645 1206 392 101 14 2243 2244 1631 480 22 385 843 618 79 355 159 1778 184 214 170 400 2234 2245 634 1747 126 279 2246 2247 2248 509 2249 1485 217 163 1487 2250 1065 2251 2252 2253 674 452 352 164 1022 40 2254 134 651 1610 1611 579 2255 563 109
3914 1092 186 160 2256 1714 2257 2258 207 568 2259 2260 2261 109 180 301 2262 2263 1057
3928 2264
3939 307 657 448 104 161 2265
3969 869 2266 2030
4019 2267 2268 1605
4028 173
4050 365
4074 441 2269 772
4085 2270 172 1453 984 1661 251 36 1729 2271 731 253 292 380 606 319 61 2111 893 173 103 161 117 988 126 1058 258 320 2272 79 2273 159 132 1025 162 185 45 46 2191 1663 73 618 385 405 219 732 897 200 390 536 2274 90 191 486 376 330 331 825 236 386 662 379 215 183 267 268 605 509 175 1168 653 795 298 167 105 269 890 766 438 2275 1536 671 1650 216 94 859 774 1680 614 187 2276 136 462 464 2277 2278 1111 855 805 2279 176 1487 872 809 2280 95 188 381 2281 207 35 255 25 739 14 970 2282 303 184 194 978 142 302 555 587 2147 636 104 2283 414 237 422 792 431 252 635 755 985 785 230 657 547 552 781 589 271 619 1197 231 1088 351 2284 1489 485 2285 2286 249 2287 1365 2288 2289 107 40 472 2290 232 2291 681 1335 2292 2293 803 2294 391 257 2295 2056 395 366 2159 488 615 118 2296 1588 1772 2297 2298 934 44 917 1643 2299 211 2300 581 465 450 355 1623 1117 2301 2302 109 287 869 233 2303 91 1795 93 341 96 98 2304 853 2221 856 181 378 299 553 280 2305 1366 579 1664 2306 750 2307 2308 1454 690 602 1038 17 407 160 239 2309 11 971 1667 1494 2310 120 2311 2312 309 321 2313 125 2314 2315 1399 1769 2010 409 484 2316 649 127 121 1684 2317 317 2318 595 2021 2319 1418 367 1184 791 753 387 571 2320 737 1470 2265 2321 52 2322 2093 470 513 2323 47 709 2324 2325 1617 1670 617 264 2326 2327 2328 2329 2330 817 1003 2331 1733 696 666 925 744 572 1439 265 2332 2333 675 106 1930 2334 2193 2335 659 2336 65 691 1618 2132 348 2337 845 372 940 196 201 2338 2339 1429 1695 1062 368 2340 2069 2341 898 2342 197 444 2343 2344 2345 2346 684 2347 2348 352 192 1596 2349 217 2350 1026 679 2351 419 333 274 1735 2352 282 1077 247 284 1974 1459 2353 416 2354 2355 130 2356 2357 2090 2358 2359 20 2360 905 2361 566 2362 2363 2364 2365 2366 1268 1682 2367 1032 1360 1752 773 2368 1753 223 1207 575 861 673 2369 204 2370 2371 2372 1490 1802 83 353 1587 1048 279 2373 2374 2375 2376 2177 677 261 308 424 80 443 523 2076 1457 2377 437 718 2378 1051 2014 1626 2379 2380 2381 2382 2383 190 358 2384 2385 2386 2387 2388 2389 2390 808 2391 2392 2393 1739 544 2107 2394 2395 2396 2397 55 2398 674 30 2399 2400 651 2401 772 1636 724 145 1288 2402 2018 154 300 973 198 295 2403 2404 2405 2406 62 2407 2408 2409 69 63 2410 843 57 2411 942 78 97 2412 2413 214 2414 2415 2179 1610 857 2416 1757 2417 2418 2419 846 226 2420 2421 150 2422 2423 941 935 88 510 2424 315 1325 665 1631 1015 2083 1254 1761 322 193 323 324 578 2425 610 1153 1140 698 563 170 2426 165 453 2427 2428 1728 425 1681 2429 2430 2431 2432 556 2433 1662 2247 707 641 1114 1577 234 2434 2182 244 43 1800 2435
4087 1818 509
4127 2436 2194 475 2437 1776 57 2078 2438
4130 298
4144 509 1168 235 229 230 2439 280
4182 2440 809 2438 2441 624 2442 934
4204 103 159 14
4213 201
4220 197
4233 2443
4272 2251 2250 2428 1668
4277 234
4279 271 2060 2444
4282 2445 81 40 82 83 142 519 1117 660 661 525 90 408 1823 104 2446 238 1856 2447 99 591 2448 2282 541 126 2449 26 2450 106 868 949 70 402 946 1789 630 569 480 1702 387 2451 2452 628 214 2024 846 183 103 730 161 631 84 557 19 22 1078 485 207 568 35 367 159 2011 1657 2453 2454 46 400 488 2455 2456 1942 476 2457 244 2240 1840 1275 1259 1571 1674 897 898 2458 935 1729 739 239 173 640 287 414 540 175 2459 390 743 1567 102 1140 1667 2460 2461 1588 1017 403 869 510 14 395 231 79 216 211 451 393 132 911 2462 151 2463 25 42 43 572 2464 452 1267 2465 635 2466 350 2106 429 1633 497 271 2467 817 227 818 819 471 301 2468 364 302 1052 1686 808 2469 404 172 737 265 547 237 108 495 362 192 646 59 582 2470 2471 245 2472 809 2473 2474 315 1281 2475 2476 758 2477 1977 787 788 394 107 2478 94 438 200 587 753 2479 2480 1527 2481 100 86 828 1861 2482 830 2483 2484 555 2485 657 199 1384 250 2486 892 155 197 2487 154 493 2488 2283 2489 574 576 1589 589 2490 651 263 2491 344 1849 987 2492 2493 322 1899 2494 363 687 388 917 1629 893 2495 1928 1940 2496 1981 499 1713 1404 2497 544 55 105 1829 670 2498 2499 556 139 2500 380 2054 386 2501 2502 763 57 2105 2503 109 2195 1254 756 397 1170 2504 1772 1723 269 36 2505 2506 170 573 409 138 372 348 226 880 1684 324 977 2507 619 2508 2509 520 1301 2510 2511 1912 437 740 201 1929 66 2512 2513 2514 354 1184 62 1952 1733 240 1376 255 834 2253 2515 772 320 98 933 794 1383 2516 114 1096 60 80 2517 308 2518 2519 718 2520 246 943 424 796 2381 2521 267 2522 2523 2076 717 333 389 303 241 1802 655
4312 138
4319 173 203 193 451 201 488 118 966 485 2524 1942 171 2525 772 2526 2527 2528 197 1733 1366 804 2102 2529 2530 545 2123 1710 653 142 302 422 448 1633 1789 59 2531 398 405 468 2532 2533 231 322 159 323 237 393 556 660 103 255 409 696 316 104 161 14 238 429 912 727 587 1724 265 2342 94 774 183 375 35 251 234 79 105 280 1453 437 736 1206 1432 1418 732 547 683 215 751 320 718 532
4345 171 211
4370 104 414 322 40 1588 183 192 258 270 295
4391 183 184 510 177 188 222 221 216 804 201 231 40 109 287 1988 2534 1800 98
4409 302 2535 2536 552 104
4448 2038 187 440 630 1733 753 2537 14 671 2073 509 937 1168 379 978 1275 660 1558 781 2405 846 1729 1766 381 302 2538 414 88 268 319 140 236 441 639 2539 460 1033 2217 2540 90 263 897 2541 2542 344 2543 832 380 1080 385 475 2544 766 438 859 22 19 644 1190 26 2545 2546 386 132 171 1710 239 2547 772 804 201 2102 173 1349 172 174 175 176 177 1212 2548 2549 2550 180 181 1214 28 182 707 486 556 183 749 226 1527 575 400 2335 851 2551 504 2552 11 625 2553 2554 2555 255 657 106 548 2556 322 280 1564 1259 421 1157 2557 1433 838 877 159 2558 578 2559 984 824 792 431 264 782 635 2560 755 2561 985 2562 785 2563 2564 893 2023 2326 367 2565 2566 563 2567 230 2568 292 536 2569 491 512 2570 580 503 1007 1697 934 2571 395 2572 1518 2573 35 716 2574 391 393 2575 550 2576 70 2577 809 2578 42 2579 2580 2581 162 2129 1116 297 298 315 303 2582 272 2583 244 654 870 192 813 1239 83 2064 2264 109 2584 958 237 2008 2585 2586 541 2587 2588 1246 59 2589 2013 2590 2591 825 624 193 2592 774 1062 957 451 2593 1790 992 888 631 1629 987 2594 1698 267 741 2595 79 25 1740 2221 2596 2597 2598 2599 2376 2600 1268 683 2601 1421 2602 2065 605 2603 2604 279 2467 2240 906 2605 2606 2444 2607 198 948 2608 2609 333 1542 784 795 2610 653 2611 269 941 2612 300 887 1352 2613 587 912 642 633 2614 2615 2132 215 246 2616 2617 875 2618 291 2619 2620 2621 419 2622 2623 2624 2625 2626 545 251 2627 2628 1624 821 822 234 1154 820 363 532 2629 341 802 103 165 884 94 125 727 67 932 2158 482 628 2435 2630 673 2631 2632 1204 843 330 331 2633 2634 1746 2635 2636 2637 2638 2639 2640 1343 96 273 2641 2642 2643 2333 780 2482 634 1206 2060 2644 1121 196 2213 2645 1303 305 2646 731 2647 2648 2649 2650 464 2651 2652 739 199 155 898 2653 66 954 748 197 1453 2654 2655 1573 2656 2657 1432 2416 2658 2659 970 2068 2660 1371 2661 1430 2662 602 2663 2664 2665 2666 2667 5 2668 52 73 2669 2670 1381 2533 2063 2393 2671 2672 2673 2353 2674 413 2675 2676 2677 2678 2679 325 2680 1440 2681 867 1671 2682 701 1594 2683 217 2684 355 1184 296 2685 1667 2686 520 1388 771 2687 1058 1642 2688 2071 996 2242 406 2380 481 1009 1127 2689 651 259 2078 800 2690 426 1941 2691 2692 434 368 2693 1659 2694 799 2323 645 142 2695 160 1315 579 2696 652 2697 573 581 2698 872 2087 2699 1548 2700 231 2701 2702 2703 1301 314 2316 2021 1690 2704 304 752 2438 2705 311 2389 36 955 1556 2706 2707 105 2708 2709 224 2049 681 2710 2271 2711 249 2163 2027 396 161 1457 923 433 1505 2712 1662 232 928 1346 2009 1277 407 93 2713 2714 2164 1004 435 762 1464 2715 717 2716 308 2101 2095 2717 20 117 1014 219 810 2718 1470 2141 2719 2720 1077 2721 2722 1022 712 2723 2724 2725 2726 2727 691 679 557 940 1724 346 666 925 744 572 2436 2332 713 1039 2728 2729 124 240 2520 1487 2125 2730 2143 2731 2732 2364 722 270 365 295 945 1496 2733 1579 2734 65 2735 2200 2736 2116 2737 2738 190 2739 2740 2741 2742 2743 756 1012 2744 397 2025 2745 991 2746 2747 470 2748 43 2327 1197 2749 1695 2093 2750 860 2751 1750 2302 1083 2752 2753 2754 2755 498 2052 2756 1114 665 2757 2758 2759 2760 1335 312 122 154 2282 2761 375 126 2762 2312 2285 309 97 662 98 729 2763 2218 2764 2765 2510 2511 1543 34 1753 2424 1182 1730 2766 1731 51 2040 2767 2768 880 1177 2769 2770 725 1621 732 2307 649 2771 2772 2773 2774 2350 248 2775 2776 1367 1428 376 2777 2419 2031 2179 2778 2779 2780 2781 214 281 1307 2782 2783 2784 324 2785 515 629 2786 2787 2788 2789 1533 2790 1763 2791 184 61 1565 241 1467 1537 390 1727 883 1494 2253 2792 497 659 2793 129 2246 2247 1073 208 2794 2795 2796 2310 685 924 1682 2797 510 1477 593 2798 933 2269 2799 2800 2801 191 2370 2802 2803 293 2098 271 2804 2805 2806 2274 805 2322 2807 534 2808 847 1661 2809 589 2810 1448 1420 798 2811 2812 2813 514 2814 596 150 1480 1541 1484 2815 2816 2817 2818 250 2819 2820 2821 2822 2823 2248 127 2249 2152 2824 2825 1485 163 2417 1486 936 2826 1026 2292 164 2827 2828 247 1019 684 661 2829 2830 489 2831 1617 128 352 1540 2832 531 2833 1605 975 2834 2835 2836 228 2837 1053 2838 1813 2839 2840 1040 2841 276 2234 2842 2843 2844 366 2845 2846 2847 2848 2128 221 2849 1274 1043 307 2058 2850 2851 2852 1191 2853 216 1498 2854 2855 2856 939 905 710 78 2857 2858 423 261 1399 2859 2860 1059 2861 2862 2863 2864 2865 2866 2867 2868 913 2869 17 2870 917 152 1681 2871 2872 670 2873 2874 2211 2875 735 2876 398 2877 907 2878 979 2879 986 2880 2881 911 2522 2523 149 2396 2882 2883 2884 1055 2885 2886 2887 1003 2888 253 351 136 2182 2889 2890 1056 384 2891 2892 2400 2893 2410 2894 2362 1791 942 47 169 2895 2896 943 207 2897 969 137 2898 1513 2899 882 2512 2900 1111 2901 2422 2902 1368 2903 1064 1071 1065 1066 2904 2905 1068 2906 2907 1054 686 1646 2908 2909 2910 2012 2373 1069 2911 1070 2912 2913 2914 29 2915 2916 2917 854 2918 2334 2919 2920 2921 2922 245 944 980 1561 2923 2924 2483 2925 2433 2162 641 696 104 2926 2927 488 313 528 614 2928 2929 1439 203 317 2930 2931 2932 1660 258 2933
4472 173 568 2934 1190 211 76 1545
4481 427 1267 2935 575 736 2936
4486 559 1118
4487 200
4490 155 1362 109 1600 2438 2937 173 2143 2938 165 2939 187 57 563 694 2940 615 2576 681 346 2941 489 2110
4548 681 2942 261 2943 2944 2945 2576 1444 2946 422 782 345 1605 2947 2937 2948 2949 2950
4573 2021 1638 707 2023 2275 1062 2951 997 217 220 578 190 6 548 1487 51 1740 2025 1724 859 796 803 2 615 666 925 264 618 2952 893 104 2333 675 106 426 717 2953 2398 1118 365 910 716 216 266 142 105 2954 781 915 167 261 2251 255 139 2955 199 267 2332
4578 1663
4579 741 394 1492 645 36 287 20 728 155
4598 1260
4623 35 201 451 215 1737 16 843 258 216 909 271
4627 140 201 2104 192 14
4658 681 46 2956 265 780 379 538 2485 556 408 557 568 35 2891 159 207 280 1643 983 416 173 104 540 2150 271 251 14 198 874 2930 2776 2957 126 488 409 38 1220 302 581 742 2193 93 631 102 234 229 230 585 2958 274 323 708 250 772 313 1615 331 137 869 233 183 437 716 859 117 45 1697 2201 2959 1437 2960 215 513 2961 37 161 754 395 632 20 2492 2962 2963 934 201 2964 1505 562 1630 2965 1 160 2966 2495 1619 287 2921 1734 1778 2468 404 2967 2968 64 170 615 925 893 2333 1454 94 2969 118 162 740 2970 728 2971 236 189 810 691 2972 845 2973 255 896 245 2974 2975 619 90 244 855 1088 121 820 2976 427 2977 2763 590 2978 2979 2001 1930 1686 2179 164 2980 572 1377 832 2981 2982 184 1418 372 2983 378 579 2984 2985 199 727 1246 659 76 975 380 2986 1956 314 697 563 2987 2885 1021 1935 2988 2363 2299 2989 573 2990 2991 2111 71 1575 212 2992 604 2993 574 586 2994 2995 1983 1620 50 142 1551 2996 2079 2997 642 364 352 667 320 353 949 794 857 455
4666 109 57 1671 594 2998
4683 411 414
4707 2434
4748 103
4757 255 226 104 105 98 122
4791 1930
4796 2999 192
4800 637 2342 83
4806 271
4810 375 429 1746 1657 274 207 103 36 175 250 1588 322 215 408 581 255 730 104 161 890 183 766 79 94 774 35 292 315 556 696 414 14 261 192 419 302 555 237 287 587 3000 173 231 38 216 211 451 393 159 106 1805 240 756 198 1057 781 471 737 258 379 239 8 990 727 884 125 3001 271 2093 201 488 912 2584 563 2354 84 398 710 238 251 280 495 1615 869 372 949 305 40 917 1122 2111 532 413 2489 574 3002 657 3003 3004 136 1459 958 2250 2996 599 750 732 69 200 753 582 513 37 160 139 98 184 874 666 121 265 2332 142 269 681 252 2253 1123 3005 155 1168 150 2672 3006 1442 2333 2819 3007 552 943
4849 271 221 696 859 375 252 192 587 991 127 273 785 203 204 105 201 104 660 557 161 106 207 35 159 301 634 215 794 1168 269 57 214 43 984 635 755 236 292 251 94 1007 298 379 287 801 803 804 555 226 657 485 210 633 160 739 14 884 79 237 376 405 732 390 881 3008 3009 306 2219 445 681 323 295 108 2497 2998 155 650 267 240 923 280 717 949 2758 3001 414 3010 1 217 438 400 3003 3011 605 2364 1376 228 754 1671 802 701 380 2618 2124 142 341 199 398 344 589 2307 641 381 346 651 109 3012 532 3013 2853 716 216 525 258 394 98 125 3014 3006 2333 1492 144 202 3015 670 156 1637 845 253
4855 251 79 94 859 774 215
4908 3016 22 290 239 876 10 499 295 846 1667 794 436 701 3017 2438 373 800 2010 772 44 2370 3018 574 3019 651 259 553 247 263 3020 142 3021 3022 2199 3023 2988 615 1403 3024 1320 986 3025 28 3026 1800 308 3027 20 161 2882 3028
4929 2011 253 732 3029 3030 3031 455 140 419 57 1590 591 2781 3032 3033 978 1748 836 2049 3034 175 3035 3036 2737 3037
4933 38 628 57 828 3038 3039 274 1778 105 2127 2882 336 1170 1118 356 1754 898 730 160 3040 422 2408 69 63 47 2892 3041 3042 614 255
4958 446
