668	613
1391	178
1694	203
2022	203
2193	435
2353	484
2662	178
2840	203
3052	203
778	104
778	10
1288	546
1288	404
1288	279
1288	609
2706	91
4718	91
104	305
104	496
2335	521
2706	116
2706	91
2706	232
3556	116
3556	560
3556	638
3556	285
3556	8
3556	652
3556	43
4878	201
4878	116
4878	235
4878	303
4878	285
4878	402
4878	156
4878	224
4878	679
4973	584
4973	295
4973	341
1270	679
2011	402
2011	679
2012	679
1966	437
1966	646
916	567
916	511
916	489
916	431
916	628
4246	431
260	403
260	207
260	402
2762	468
2959	468
3996	697
32	44
32	285
32	679
50	97
318	545
318	204
318	566
356	505
356	511
356	441
750	692
750	38
750	546
750	279
750	327
1079	584
1136	318
1136	279
1175	44
1175	156
1193	502
1193	285
1201	303
1252	98
1625	502
1653	448
1653	591
1653	160
1653	71
1653	401
1784	88
1784	285
1784	584
1784	513
2329	391
2329	401
2329	224
2571	44
2571	402
2571	554
3000	340
3000	532
3000	156
3359	614
3359	1
3363	511
3363	614
3363	545
4848	31
4978	434
4978	295
4993	340
4993	434
4993	183
4993	115
4993	69
608	692
974	498
471	88
1658	322
1658	262
3988	94
2231	189
290	199
2858	614
2858	8
2858	193
2858	224
2959	193
2959	224
2959	451
3006	542
3006	631
4262	697
4799	585
239	209
318	476
593	285
765	546
765	75
1197	546
1213	97
1265	156
1358	235
1358	669
1777	105
1777	88
1923	546
2174	93
2478	546
2478	318
2478	584
2571	44
2571	554
2581	116
2918	546
2918	523
2959	156
3147	476
3250	529
3510	209
2571	259
2571	299
2571	156
2571	224
558	435
1203	452
2661	178
2819	484
3153	435
3997	435
4189	270
4189	203
4795	556
7	295
11	118
39	295
62	317
62	410
62	303
62	211
236	546
236	463
236	295
252	595
252	295
318	510
318	476
318	13
500	258
514	546
527	567
527	78
529	622
539	295
597	196
597	295
685	612
685	53
685	236
685	644
685	313
802	442
802	247
914	487
914	295
919	487
1028	487
1073	314
1073	570
1073	580
1088	295
1197	511
1197	546
1197	319
1197	295
1242	631
1265	262
1307	295
1380	487
1485	546
1485	95
1541	546
1541	295
1541	540
1541	568
1569	469
1580	278
1619	176
1909	278
1909	454
2005	19
2005	478
2078	511
2302	642
2302	546
2302	95
2302	444
2321	567
2324	381
2324	350
2324	571
2324	244
2324	529
2396	295
2724	669
2724	469
2918	546
2959	115
3039	678
3046	292
3114	311
3114	319
3408	604
3717	251
3717	185
3916	521
3916	116
3916	678
3916	193
4054	48
4054	295
4344	162
4447	546
4558	546
4963	564
4995	219
296	321
903	511
903	132
903	387
914	88
1207	452
1921	250
1921	120
1921	387
3114	311
3114	179
3114	290
3578	128
4370	23
4370	161
4370	330
4370	402
296	128
296	10
296	277
296	451
364	614
805	277
1136	318
1298	443
1298	10
1298	277
1298	156
1527	308
1653	308
1653	402
1732	692
1732	10
1732	618
2329	132
2329	277
2571	259
2571	308
2571	156
2688	277
2692	156
2959	235
2959	156
2997	104
2997	120
2997	156
3262	10
3262	156
3418	277
4226	288
4848	288
4848	156
4878	235
4878	402
4878	156
251	117
1484	565
1484	513
1484	91
2683	88
4027	340
260	183
260	605
4623	380
558	435
1422	484
2661	178
2819	484
3153	435
3997	435
4189	270
4189	203
4783	176
260	128
260	340
260	402
780	128
780	340
780	137
780	659
780	226
780	484
780	99
780	81
780	319
780	402
780	187
1196	128
1196	340
1196	511
1196	207
1196	303
1196	402
1196	194
1196	168
1197	128
1197	511
1197	546
1197	409
1197	207
1197	88
1197	417
1197	34
1197	19
1197	584
1197	566
1197	295
1197	266
1210	207
1210	402
1210	194
1210	370
2959	128
2959	132
2959	299
2959	285
2959	584
2959	156
2959	451
4369	128
4369	251
4993	340
4993	207
4993	133
4993	147
4993	303
4993	216
4993	136
97	55
288	120
288	387
288	405
3742	55
4848	288
2571	93
2571	161
2571	474
2571	61
2571	402
2571	156
2571	224
2291	577
4878	577
4878	285
4226	578
4226	253
3499	75
3499	372
4246	286
353	505
353	264
353	633
353	366
353	566
353	295
541	259
541	308
541	578
541	402
1199	288
1199	104
1199	443
1199	308
1199	327
1213	185
1213	104
1213	132
1213	76
1213	369
1213	172
1748	278
1748	35
1748	345
1748	288
1748	25
1748	120
1748	506
1748	156
1748	224
1884	132
1884	327
2858	104
2858	193
2858	175
3108	30
3108	166
3108	663
3108	235
3108	224
4226	502
4262	542
4262	185
4262	575
4262	154
4262	97
4262	451
4262	172
4878	443
4878	235
4878	285
4878	402
4878	156
4878	523
4878	224
4878	679
50	501
50	539
50	454
50	543
50	372
62	574
62	687
62	317
150	99
150	75
150	383
150	370
150	471
260	340
260	207
260	370
266	673
318	75
318	545
318	317
318	301
318	476
318	8
318	566
318	224
378	391
378	609
457	372
628	621
628	452
628	75
628	391
628	285
628	224
912	75
912	536
912	295
912	214
912	524
1061	688
1061	566
1079	584
1079	609
1089	75
1089	584
1089	372
1196	340
1196	207
1196	209
1196	370
1197	409
1197	207
1197	34
1197	19
1197	584
1197	566
1197	295
1197	266
1198	340
1198	358
1234	501
1234	551
1234	20
1234	54
1259	414
1259	614
1259	545
1259	525
1302	380
1302	75
1302	207
1302	317
1653	643
1653	75
1653	308
1653	160
1653	71
1653	18
1653	43
1748	35
1748	308
1748	207
1748	506
1748	156
1748	224
2028	132
2028	75
2028	383
2028	58
2028	299
2231	596
2231	242
2231	54
2268	542
2268	210
2268	621
2268	452
2268	75
2268	365
2268	483
2329	185
2329	391
2329	401
2329	224
2502	584
2502	18
2502	566
2502	279
2563	252
2563	222
2959	132
2959	299
2959	285
2959	193
3147	75
3147	688
3147	249
3147	214
3255	380
3255	634
3255	496
4616	614
4963	501
4993	340
4993	207
4993	147
4993	136
440	118
1206	132
1206	279
1206	193
1206	451
2	679
19	546
32	44
32	679
47	285
47	696
50	539
50	120
50	543
231	297
296	104
316	358
316	686
316	679
316	485
318	224
344	546
356	505
356	383
356	58
380	546
485	318
527	631
586	520
589	308
589	402
589	679
593	285
593	696
778	692
778	193
778	156
910	546
1080	51
1080	546
1080	279
1080	327
1089	104
1093	219
1093	404
1148	455
1199	308
1199	156
1200	370
1203	193
1208	502
1214	402
1215	546
1215	117
1215	679
1221	369
1237	684
1237	443
1240	679
1246	505
1246	317
1259	614
1265	679
1270	404
1270	679
1275	466
1288	404
1289	216
1291	358
1358	235
1485	546
1485	209
1527	156
1619	631
1682	104
1682	156
1704	375
1721	631
1779	502
1779	679
1834	98
1884	156
1961	275
1961	235
1961	285
1961	297
2000	546
2001	546
2011	402
2011	679
2012	679
2115	358
2160	691
2232	502
2297	299
2297	156
2340	395
2467	34
2478	318
2513	117
2529	44
2542	104
2571	402
2571	156
2600	554
2672	308
2672	25
2672	554
2692	679
2700	279
2710	345
2710	117
2797	546
2797	614
2797	290
2826	26
2841	98
2857	404
2857	156
2858	104
2916	259
2916	308
2916	178
2916	402
2916	554
2959	104
2959	156
2987	546
2997	104
2997	156
3052	279
3081	156
3108	235
3252	614
3476	217
3476	573
3476	446
3476	156
3481	614
3510	679
3617	546
3617	113
3617	297
3706	98
3752	143
3793	346
3793	656
3793	82
3897	403
3897	505
3897	614
3897	404
3949	285
4011	104
4226	25
4306	279
4381	546
4720	684
4720	395
4720	198
4728	546
4865	696
4878	299
4878	285
4878	156
4878	224
4878	679
4902	288
4902	198
4973	546
4975	402
4975	156
4995	375
4995	260
4995	631
5065	165
73	456
73	537
1080	279
1199	692
1199	104
1199	308
1199	402
1206	132
1206	308
1246	299
1611	236
1680	93
1680	407
1682	93
1682	104
1682	308
1682	299
1873	511
1997	117
1997	307
1997	0
2144	105
2144	515
2144	675
2324	456
2541	664
2762	117
2762	120
2762	285
2762	0
3967	135
4226	578
4226	98
4226	502
4226	285
4967	524
4973	456
4975	250
4975	402
76	117
76	569
105	60
105	617
110	75
110	383
153	656
193	516
318	511
318	75
318	545
318	8
318	224
356	505
356	511
356	75
356	688
356	317
356	584
368	20
508	236
508	313
527	604
527	567
527	511
527	132
527	350
527	206
527	224
592	288
780	137
780	99
780	81
1073	570
1073	672
1203	452
1203	76
1203	193
1203	224
1204	541
1204	183
1234	511
1234	20
1234	54
1246	299
1580	484
1645	582
1645	621
1645	233
1645	224
1917	659
1917	81
1917	370
1923	546
1961	275
1961	533
1961	235
1961	285
1961	297
2028	132
2028	75
2028	76
2028	100
2028	662
2167	65
2167	37
2193	207
2193	147
2193	349
2193	136
2571	569
2571	402
2571	224
2706	91
3147	75
3147	688
3147	249
3147	476
3147	401
3198	241
3198	476
3969	317
3969	371
4054	48
4054	42
4223	629
4223	690
4299	34
4326	604
4326	56
4326	401
4326	631
4643	44
4995	442
4995	317
4995	356
4995	11
4995	375
4995	235
4995	285
4995	295
4995	260
4995	631
5010	418
5010	100
5010	631
2	479
2	0
2	579
2	679
10	589
10	353
15	19
19	273
21	369
28	351
31	116
32	44
32	679
47	353
47	696
62	116
70	451
107	19
121	604
121	593
150	604
151	277
158	198
162	549
163	451
170	257
172	308
172	578
178	104
178	696
185	257
187	467
235	264
242	537
249	549
253	65
260	183
265	357
288	696
290	277
293	589
293	353
296	589
296	353
296	172
299	88
299	89
327	44
337	1
344	273
345	477
345	89
345	459
368	141
370	318
371	450
377	148
379	679
380	536
382	158
390	587
434	176
457	353
466	318
485	318
488	60
506	477
508	621
517	353
527	604
527	353
541	589
541	308
541	578
541	353
554	353
558	435
587	572
589	353
589	679
593	519
593	353
593	696
593	172
597	246
608	594
608	353
608	373
608	172
628	452
628	353
636	696
648	353
714	396
743	318
750	104
750	279
800	96
805	452
805	353
805	401
805	277
849	308
858	369
866	353
891	353
891	696
903	632
903	651
904	384
904	353
906	578
909	60
910	369
910	353
910	97
910	534
912	60
912	353
913	273
916	497
919	89
922	511
922	353
924	161
926	511
928	60
929	450
930	536
930	353
933	353
942	353
946	104
951	43
959	392
1006	452
1006	353
1006	401
1009	276
1012	447
1028	248
1029	284
1031	147
1031	83
1061	593
1079	60
1079	336
1081	369
1081	89
1086	353
1086	453
1101	226
1111	138
1129	308
1140	549
1175	104
1175	308
1183	60
1188	552
1193	235
1197	1
1199	308
1203	452
1204	549
1206	392
1206	616
1206	308
1206	649
1206	277
1207	452
1207	353
1208	483
1212	353
1213	369
1219	353
1220	303
1221	369
1222	483
1225	549
1227	277
1233	504
1240	589
1240	353
1240	679
1246	116
1246	74
1247	60
1249	589
1249	353
1252	353
1252	273
1252	449
1258	235
1260	696
1265	579
1265	494
1267	589
1267	353
1269	573
1269	353
1270	679
1278	80
1280	336
1280	193
1283	589
1283	353
1283	579
1283	396
1284	589
1284	336
1284	353
1284	273
1284	534
1285	104
1285	116
1286	679
1292	279
1293	549
1295	552
1298	277
1321	158
1333	60
1339	65
1346	353
1346	89
1347	353
1347	696
1356	679
1361	621
1361	353
1372	353
1374	353
1376	679
1380	116
1381	116
1396	257
1411	60
1411	353
1422	484
1441	431
1500	589
1500	104
1500	369
1517	318
1542	129
1554	589
1554	353
1586	483
1641	344
1643	549
1653	308
1663	483
1674	353
1690	308
1717	318
1722	589
1722	353
1732	384
1732	104
1747	391
1889	353
1911	138
1941	60
1941	353
1951	607
1961	277
1962	193
1965	104
1967	464
1967	430
1968	1
1968	116
1969	353
1969	696
1970	353
1970	696
1971	353
1971	696
1972	353
1972	696
1974	353
1974	696
1975	353
1975	696
1976	353
1976	696
1977	353
1977	696
1978	93
1978	353
1978	696
1979	353
1979	696
1980	353
1980	696
1981	353
1981	696
1982	353
1982	696
1983	353
1983	696
1984	353
1984	696
1985	353
1985	696
1986	353
1986	696
1995	198
1996	198
2010	90
2011	308
2011	679
2012	679
2013	49
2020	60
2023	369
2083	430
2087	1
2087	19
2107	353
2107	696
2108	357
2108	193
2110	190
2117	308
2135	138
2140	430
2158	353
2158	696
2159	353
2159	696
2176	604
2176	353
2176	0
2183	589
2183	536
2183	353
2184	104
2187	41
2194	369
2201	621
2201	353
2211	536
2245	336
2249	60
2249	369
2257	523
2268	452
2268	483
2268	353
2289	279
2300	39
2302	621
2302	353
2313	549
2316	147
2318	593
2318	627
2318	277
2328	65
2329	277
2336	549
2348	604
2348	549
2371	60
2376	589
2376	353
2389	353
2393	353
2398	621
2398	333
2398	649
2413	353
2431	604
2433	452
2447	116
2461	696
2462	353
2462	696
2467	384
2467	353
2511	353
2511	273
2528	420
2528	308
2529	308
2539	369
2571	308
2581	116
2611	555
2611	209
2612	74
2612	353
2644	65
2648	80
2654	158
2657	60
2657	587
2657	336
2657	573
2657	353
2657	91
2672	554
2683	318
2683	679
2688	277
2692	60
2692	579
2702	353
2702	696
2709	430
2716	198
2717	198
2739	277
2746	104
2761	90
2770	318
2774	89
2779	60
2791	226
2793	158
2819	484
2820	60
2820	353
2852	483
2852	353
2858	60
2886	430
2902	353
2903	353
2904	277
2908	277
2908	371
2916	308
2916	536
2916	353
2940	60
2940	353
2940	91
2947	589
2947	353
2947	277
2948	589
2948	536
2948	353
2949	589
2949	353
2959	451
2968	679
2971	549
2987	273
2989	589
2989	353
2990	589
2990	353
2991	589
2991	336
2991	353
2993	589
2993	353
2997	89
3033	318
3039	401
3044	353
3044	579
3053	549
3053	183
3053	277
3060	336
3060	303
3060	344
3068	452
3075	277
3082	589
3082	353
3087	552
3088	649
3101	60
3102	621
3102	353
3105	604
3105	63
3107	342
3108	353
3108	649
3148	386
3153	435
3159	544
3168	353
3174	549
3175	318
3175	279
3176	353
3176	696
3186	649
3204	639
3210	116
3216	65
3221	60
3221	353
3247	600
3248	600
3248	522
3262	353
3266	104
3266	277
3266	696
3267	451
3278	89
3296	116
3301	589
3301	353
3334	369
3334	353
3334	49
3359	1
3396	430
3398	430
3408	604
3408	621
3418	277
3420	452
3420	277
3435	60
3435	323
3435	353
3469	452
3472	353
3505	60
3505	536
3505	336
3505	353
3513	621
3513	483
3527	483
3535	353
3535	696
3535	451
3548	89
3552	1
3552	129
3598	60
3598	353
3633	589
3633	353
3635	589
3635	353
3638	589
3638	353
3639	589
3639	336
3639	353
3639	277
3671	396
3685	104
3685	369
3685	353
3688	116
3702	308
3702	44
3702	172
3703	44
3704	44
3706	147
3723	60
3723	353
3785	318
3786	1
3786	89
3786	91
3791	1
3801	604
3801	452
3801	649
3811	452
3811	483
3831	60
3946	60
3946	589
3946	336
3946	353
3946	277
3947	60
3947	589
3947	336
3947	353
3947	277
3959	679
3977	587
3977	353
3977	77
3977	273
3984	589
3984	353
3996	353
4005	589
4005	353
4017	60
4105	79
4148	696
4156	536
4184	60
4189	270
4189	203
4210	353
4210	696
4211	604
4211	621
4211	353
4226	35
4226	579
4234	536
4262	369
4279	621
4279	353
4322	621
4327	353
4329	396
4333	104
4344	257
4344	353
4351	353
4361	41
4370	308
4388	318
4390	277
4402	318
4409	696
4447	353
4448	382
4450	277
4465	452
4465	277
4515	549
4545	90
4553	499
4571	679
4612	203
4642	89
4643	308
4643	44
4686	36
4733	60
4753	65
4796	60
4799	129
4816	85
4857	302
4865	353
4865	696
4868	589
4868	353
4920	60
4920	392
4920	235
4936	116
4941	587
4956	193
4974	318
4979	104
4979	620
4980	549
4980	679
4981	579
5008	452
5013	60
5013	248
5013	353
5013	279
5014	621
5033	536
5055	549
47	117
47	285
593	132
1219	98
1219	696
1258	198
1258	235
3798	117
3798	566
4720	684
4720	633
4720	527
29	314
47	696
475	383
475	476
475	558
527	511
527	383
750	38
750	279
910	97
936	363
936	279
1029	138
1111	138
1111	300
1198	358
1198	183
1213	369
1213	97
1241	79
1242	383
1281	279
1734	314
1734	328
1734	269
1880	314
2018	138
2019	183
2019	146
2071	328
2071	383
2313	383
2329	476
2329	204
2395	116
2398	314
2398	621
2494	383
4306	279
4763	328
4763	496
4763	269
4993	183
5093	566
5093	558
2712	443
2712	372
150	556
440	484
1097	556
1291	667
1391	178
1396	484
1580	484
1894	556
1931	270
2022	270
2022	203
2115	667
2193	435
2405	667
2662	178
2840	203
3300	556
3996	435
4638	556
44	115
50	501
50	20
50	120
50	543
107	667
204	128
260	136
317	654
368	20
377	543
514	654
539	655
586	654
592	267
595	602
597	655
919	136
1179	20
1197	409
1197	584
1197	295
1197	531
1197	341
1198	340
1198	358
1219	543
1252	539
1291	667
1333	543
1407	543
1552	128
1569	655
1591	267
1608	128
1617	539
1625	539
1682	343
1722	128
1954	115
1994	543
2081	655
2115	667
2140	136
2167	128
2193	136
2404	115
2405	667
2410	115
2542	20
2617	667
2640	267
2671	655
2723	267
2724	655
2804	654
2997	343
3087	654
3986	128
3988	654
4011	539
4878	539
4963	20
1298	311
1298	303
1298	376
107	667
1097	556
1253	178
1291	667
1391	178
2022	270
2022	203
2115	667
2193	435
2405	667
2617	667
2662	178
3300	556
32	679
76	569
2571	569
3264	104
3264	65
3702	569
3704	569
799	21
208	340
208	308
208	44
208	529
1035	487
1215	340
1215	486
1219	511
1644	543
1974	511
1974	117
1981	218
1981	413
1982	117
1983	194
1983	543
2080	311
2338	543
2565	487
3074	312
3843	117
4878	224
29	308
4092	23
1241	79
1245	309
2513	117
2692	651
2692	577
1554	353
1554	295
2858	692
2858	237
2858	224
2987	340
2997	692
2997	402
4979	692
4979	486
4979	620
4979	571
1268	416
1268	43
3477	523
1288	303
2616	346
3481	303
3897	303
4878	679
253	65
316	402
593	696
741	259
1127	402
1233	504
1270	340
1270	679
1350	287
1610	504
2011	679
2115	358
2420	511
3996	474
50	543
296	511
380	128
380	88
423	128
608	104
608	584
608	172
1527	84
1527	50
1527	402
1527	156
2076	652
2571	259
2571	156
2571	224
3503	278
3503	443
3503	402
3503	156
4144	360
4144	576
4144	303
4239	451
4614	335
4848	443
4848	292
4848	156
4878	584
4881	567
4881	432
4881	367
4881	411
47	132
47	323
47	696
50	539
50	97
50	543
293	67
296	104
318	8
541	23
541	259
593	519
593	285
593	696
778	548
778	155
858	511
858	97
1036	319
1089	319
1089	97
1089	164
1198	340
1199	443
1199	156
1199	224
1208	132
1208	524
1213	185
1213	369
1214	23
1214	84
1214	402
1214	543
1216	473
1222	483
1234	581
1240	23
1240	682
1252	528
1748	443
1748	120
1748	224
2959	299
2959	285
2959	193
2959	451
3949	548
3949	155
3949	193
4226	323
4226	502
4234	536
3752	295
296	611
3671	318
34	314
34	697
34	2
34	110
141	546
141	140
141	236
141	89
299	88
299	236
299	101
299	571
299	89
299	204
299	186
299	123
299	193
316	278
316	358
316	619
316	402
316	686
316	679
344	546
345	676
345	140
345	236
345	477
345	239
345	445
345	89
345	509
364	138
364	311
364	614
364	487
364	110
367	546
541	511
541	259
541	288
541	308
541	591
541	84
541	402
551	288
551	366
551	584
551	341
593	511
593	132
593	502
593	285
593	696
594	311
594	409
595	409
780	128
780	137
780	278
780	99
780	402
780	524
928	511
968	567
968	362
968	345
968	132
968	117
968	36
968	79
1031	555
1031	147
1046	130
1046	236
1046	27
1046	328
1046	306
1046	89
1073	511
1073	88
1073	584
1073	341
1073	609
1207	505
1207	567
1207	511
1207	391
1207	678
1207	193
1219	567
1219	511
1219	132
1219	117
1219	285
1219	696
1219	543
1219	372
1237	567
1237	511
1237	395
1237	443
1237	250
1237	34
1237	186
1258	511
1258	288
1258	132
1258	502
1258	543
1261	201
1261	287
1261	153
1261	117
1261	451
1261	79
1340	511
1340	633
1340	117
1340	256
1345	587
1345	288
1345	117
1345	186
1356	278
1356	682
1356	402
1356	686
1356	370
1356	679
1580	278
1580	546
1580	402
1653	308
1653	591
1653	84
1653	160
1653	71
1653	402
1653	193
1653	224
1696	106
1696	67
1696	236
1696	489
1696	202
1721	505
1721	75
1721	383
1721	489
1721	295
1721	631
1921	567
1921	132
1921	250
1921	375
1921	235
1921	502
1921	186
1921	156
2288	200
2288	137
2288	278
2288	511
2288	132
2288	117
2291	288
2291	584
2291	156
2355	311
2355	300
2355	110
2454	511
2454	402
2454	686
2550	481
2550	511
2550	632
2550	198
2550	633
2550	527
2550	117
2550	5
2550	502
2550	0
2550	165
2550	543
2648	511
2648	362
2648	212
2648	633
2648	406
2716	511
2716	198
2716	159
2716	5
2716	402
2716	165
2721	27
2721	89
2762	198
2762	502
2762	285
2762	543
2797	546
2908	132
2908	445
2908	509
2908	145
2987	311
3114	311
3114	545
3114	290
3471	126
3471	200
3471	278
3471	303
3471	370
3793	128
3793	346
3793	402
3793	656
4014	130
4642	505
4642	487
4642	584
4642	91
4642	145
4705	546
4705	140
4705	88
4705	236
4705	239
4705	89
4754	109
4754	132
4754	215
4754	186
4863	546
4863	627
4863	89
4863	584
4863	277
4863	202
4863	492
4878	443
4878	235
4878	502
4878	285
4878	584
4878	402
4878	193
4878	156
4878	224
4886	179
4886	88
4963	128
4963	148
4963	185
4973	393
4973	672
4973	489
4973	584
4973	295
4973	174
4973	341
1212	69
1280	69
1960	69
2730	69
2925	69
2932	69
3677	69
2388	236
4973	584
4973	295
1101	483
2959	299
2959	156
105	214
1032	156
47	185
47	696
62	687
141	546
529	622
1225	303
1228	135
1276	511
1276	476
1704	442
1884	438
2302	621
2302	598
2858	175
2959	559
2997	175
3052	186
3275	97
3535	285
3996	474
4878	285
4878	679
4979	221
4979	609
4995	11
32	340
32	539
32	308
32	591
32	44
32	402
32	679
32	451
111	288
589	659
589	257
589	308
589	402
589	679
924	61
924	402
1199	104
1199	308
1199	591
1199	156
1199	224
1240	161
1240	591
1240	330
1240	679
1527	84
1527	402
1676	278
2010	511
2010	686
2353	536
2353	387
2353	372
2672	93
2672	308
2672	554
2762	198
2819	205
2819	70
2819	454
2819	484
2819	536
2951	128
2951	76
2959	104
2959	299
2959	193
3556	443
3556	638
4226	567
4226	443
4226	578
4776	542
4878	116
4878	402
4878	193
4878	156
4878	224
4878	679
2329	401
2297	447
193	670
495	164
3435	264
390	390
1161	390
1196	390
1289	390
2288	390
2366	390
2459	390
2529	390
2648	390
3216	390
3652	390
4044	390
4848	390
44	115
1101	625
1909	240
2640	267
2640	82
3444	115
3972	115
4387	128
4565	128
4887	128
4963	625
924	370
1036	57
1321	296
17	249
17	295
2324	505
2324	209
2324	88
2324	571
2324	214
2571	44
2671	295
4103	304
4103	371
4246	295
4973	615
4973	147
4973	584
4973	295
19	507
32	577
110	34
187	320
288	693
296	482
466	318
520	34
520	318
587	165
940	34
1027	34
1080	318
1088	42
1089	577
1101	226
1136	34
1136	318
1188	42
1201	396
1237	34
1278	318
1517	318
1704	503
2068	183
2420	503
2467	34
2683	318
2863	191
2866	191
2951	396
3033	318
3034	34
3034	110
3418	399
3791	42
4054	42
4239	10
4299	34
4591	26
4896	207
4896	572
4993	207
4993	385
1271	292
1509	292
2361	132
2761	330
2774	292
3186	604
3679	530
3679	404
3833	406
4571	546
4571	679
475	476
724	73
1047	589
1188	623
1249	589
1302	380
1377	346
2023	369
2105	268
3755	49
3785	550
4896	147
1127	278
1127	402
1127	504
1200	128
1200	402
1200	370
1214	278
1214	402
1214	370
162	648
778	10
778	155
1222	400
3677	68
260	511
296	551
296	172
318	245
318	241
318	225
318	114
318	476
1175	93
1175	519
1175	486
1416	58
1416	303
1416	487
1416	391
1416	631
4439	425
4439	548
4439	10
4439	155
4439	196
4439	631
4553	278
4553	454
4553	310
4553	319
4553	327
4553	402
4928	429
4928	664
4928	327
296	586
296	283
1302	380
4896	458
356	58
551	311
551	15
551	511
551	366
551	319
2291	15
2291	633
4973	317
4973	156
318	476
318	13
1258	676
1258	573
260	340
260	207
260	397
589	659
1210	397
2360	555
2360	298
4027	234
2959	104
922	511
47	538
50	97
50	543
58	294
215	33
246	116
260	278
260	417
260	330
260	402
260	370
296	185
296	10
296	451
368	141
368	54
541	23
541	308
541	250
541	591
541	402
735	475
735	79
904	493
904	592
904	372
904	361
910	567
910	512
910	171
910	97
910	431
919	443
919	207
919	249
919	73
923	98
923	525
953	407
953	322
953	317
953	355
1150	452
1150	25
1150	34
1173	104
1198	128
1198	358
1198	230
1198	417
1199	692
1199	443
1199	308
1199	584
1199	279
1199	402
1199	224
1204	183
1207	505
1207	452
1207	95
1207	256
1207	678
1207	401
1209	396
1234	141
1234	54
1261	79
1267	223
1267	131
1267	372
1278	567
1278	546
1278	512
1278	46
1278	318
1278	550
1281	35
1281	332
1281	567
1281	472
1281	355
1281	279
1292	112
1292	279
1394	546
1394	45
1394	584
1927	332
1927	524
2019	146
2117	308
2176	353
2351	505
2357	249
2357	64
2442	544
2442	303
2731	414
2731	560
2731	439
2731	8
2731	167
2935	512
3030	146
3134	560
3134	524
3224	541
3224	12
3224	170
3224	47
3289	142
3289	414
3289	410
3289	227
3289	681
3289	211
3360	139
3360	496
3435	291
3435	264
3435	353
3504	450
3504	279
3504	665
3555	524
3608	271
3700	278
3700	692
3700	10
3700	170
3700	678
3996	59
3996	474
4037	20
4037	54
4226	323
4226	578
4226	98
4226	502
4848	132
4848	443
4848	292
4848	0
4848	156
4873	280
4941	111
4993	207
4993	417
4993	133
4993	147
5026	351
5026	252
5026	474
1	311
1	555
110	128
110	455
110	383
110	34
175	212
260	207
260	330
260	402
356	58
457	372
480	192
480	71
480	402
480	372
588	311
778	425
778	692
778	104
778	10
778	155
1213	104
1213	132
1213	76
1213	97
1259	511
1259	545
1466	604
1466	631
1704	442
1704	317
2599	692
2599	104
2599	327
2803	365
3178	289
4239	657
4450	631
4975	120
4975	156
1030	435
2437	476
110	697
750	104
750	279
924	402
2857	405
2857	156
2959	426
32	539
32	308
32	44
32	285
32	402
32	679
47	230
47	507
47	98
47	696
150	604
150	471
318	511
318	545
318	317
318	8
608	45
778	692
780	137
780	278
780	659
780	402
1193	511
1193	688
1200	278
1200	23
1200	483
1206	212
1206	132
1206	308
1206	285
1214	278
1214	23
1214	511
1214	370
1258	5
1584	694
1584	591
1584	402
1584	517
1682	104
1682	443
1682	308
1682	446
1682	193
1682	361
2329	132
2329	224
2571	161
2571	308
2571	61
2657	201
3081	633
3081	117
3527	278
3527	529
3969	389
3969	359
4370	23
4370	161
4370	308
4370	409
4370	402
4754	632
4878	402
4878	156
4878	679
17	351
17	295
28	351
302	180
1732	692
2336	6
2739	102
4246	88
4246	431
247	488
1527	84
1527	402
1305	511
97	653
97	567
97	3
97	528
97	132
97	10
97	608
97	76
97	100
97	193
150	604
296	511
337	505
337	533
337	614
337	637
337	235
337	324
337	584
337	669
337	341
347	132
428	490
428	209
428	309
428	514
428	369
428	326
428	97
441	28
441	10
441	116
475	403
475	255
475	542
475	209
475	76
475	108
475	365
475	391
475	476
475	558
475	631
527	604
527	219
527	567
527	511
527	132
527	383
527	58
527	224
593	519
593	511
593	185
593	132
593	323
593	235
593	502
593	285
593	696
593	543
597	182
597	197
597	196
597	671
597	352
1061	593
1172	505
1172	547
1172	414
1172	197
1172	354
1172	503
1172	520
1172	8
1172	214
1172	669
1172	509
1175	519
1175	104
1175	308
1175	303
1175	584
1175	156
1183	60
1183	455
1200	128
1200	278
1200	23
1200	511
1200	117
1200	46
1200	402
1200	370
1200	543
1203	511
1203	621
1203	452
1203	185
1203	75
1203	76
1203	301
1203	401
1203	193
1203	224
1214	278
1214	23
1214	511
1214	84
1214	387
1214	370
1214	517
1214	543
1214	372
1252	511
1252	528
1252	288
1252	273
1252	367
1279	181
1279	319
1279	584
1956	304
1956	627
1956	107
1956	394
1968	105
1968	614
1968	214
1968	523
2268	511
2268	542
2268	452
2268	185
2268	483
2395	505
2395	551
2395	614
2395	116
2395	584
2395	152
2395	338
2395	609
2729	212
2729	274
2729	660
2932	443
3168	511
3168	10
3168	510
3168	76
3168	319
3168	83
3168	8
3168	193
3481	546
3481	75
3481	88
3481	303
3481	584
3481	513
3556	403
3556	281
3556	614
3556	443
3556	116
3556	638
3556	285
3556	8
3556	652
3578	128
3578	75
3578	495
3578	451
3581	10
3581	545
3581	295
3639	277
3910	695
3910	75
3910	122
3910	371
3949	425
3949	288
3949	304
3949	132
3949	10
3949	688
3949	576
3949	196
3949	285
3949	193
4022	340
4022	576
4022	556
4235	617
4235	624
4235	75
4235	181
4235	433
4235	451
4255	492
4255	609
4351	598
4351	615
4641	281
4641	505
4641	614
4641	104
4641	304
4641	545
4641	88
4641	610
4641	584
4641	8
4641	152
4641	652
4811	490
4811	661
4811	10
4811	18
4811	470
541	557
924	442
1225	221
1225	239
2329	350
2329	401
2329	451
4973	584
4973	156
541	480
593	288
104	546
104	305
104	496
170	128
170	257
170	460
170	162
170	116
198	259
198	402
198	462
198	554
333	546
344	546
344	658
364	329
364	138
364	614
364	630
364	487
379	679
379	485
441	116
441	618
500	314
520	546
520	318
541	589
541	259
541	402
589	128
589	659
589	330
589	402
589	679
595	311
595	319
608	692
608	104
608	353
608	584
718	546
718	412
735	692
735	104
735	415
735	79
785	546
802	31
1127	694
1127	402
1127	504
1129	128
1129	326
1129	402
1175	486
1175	419
1196	128
1196	340
1196	511
1196	370
1196	168
1199	692
1199	104
1199	402
1210	128
1210	511
1210	402
1210	370
1215	201
1220	128
1220	511
1220	546
1220	487
1241	79
1257	692
1257	116
1257	571
1257	156
1257	523
1258	235
1258	502
1261	692
1261	201
1261	486
1261	79
1265	93
1265	138
1265	546
1265	571
1265	669
1265	679
1288	511
1288	648
1288	303
1288	404
1288	279
1301	511
1301	408
1301	402
1356	679
1374	616
1374	402
1391	546
1580	128
1580	546
1580	318
1580	402
1590	511
1590	288
1653	160
1653	402
1676	279
1676	402
1676	370
1732	692
1732	546
1732	104
1732	618
1748	278
1748	424
1748	402
1753	546
1753	618
1921	567
1921	235
1921	120
1921	387
1923	546
1967	207
1967	417
2021	207
2021	402
2060	546
2118	679
2134	546
2174	546
2232	120
2232	502
2232	285
2232	187
2278	128
2278	185
2278	97
2288	278
2288	440
2288	117
2288	368
2423	57
2423	546
2502	546
2502	201
2502	92
2502	325
2513	117
2527	23
2527	402
2528	84
2528	44
2528	402
2692	679
2696	511
2710	148
2710	697
2795	546
2795	297
2916	402
2918	546
2918	614
3018	319
3018	79
3087	57
3087	546
3087	326
3087	318
3175	546
3175	318
3175	370
3300	337
3300	402
3499	117
3499	372
3552	511
3552	546
3552	305
3740	337
3740	147
3740	474
3979	546
3979	233
4002	546
4002	189
4002	297
4105	692
4105	212
4105	486
4105	287
4105	79
4533	79
4728	546
4728	478
4816	85
4873	156
4873	224
318	511
318	566
785	319
911	319
911	635
911	697
1527	128
1527	278
1729	454
1729	309
1729	236
1729	584
2571	93
2571	161
2571	257
2571	308
2571	61
2571	299
2571	402
2571	156
2571	554
2762	198
2762	117
2762	120
2762	285
2762	543
2959	104
2959	132
2959	235
2959	299
2959	584
2959	156
2959	224
2959	451
4930	647
924	402
924	370
1097	370
1196	402
1196	370
1210	402
1210	370
4011	546
1183	455
1183	571
1183	489
1183	214
1625	502
1958	214
24	698
29	156
36	668
47	323
116	125
116	350
116	206
116	39
116	631
135	504
185	257
185	677
260	517
292	508
293	589
293	509
316	278
316	14
316	518
316	370
356	521
356	383
356	441
440	391
440	118
448	428
456	622
456	607
480	192
502	116
502	474
515	388
529	604
529	622
529	209
529	442
529	683
529	631
593	519
593	185
593	696
661	311
661	487
674	517
780	278
848	476
848	669
911	340
912	511
914	555
916	567
916	511
916	489
916	52
916	431
916	628
919	577
920	255
920	457
923	511
924	278
924	161
924	591
924	370
924	517
924	156
953	249
968	79
973	450
1017	374
1017	556
1021	380
1032	121
1035	555
1073	156
1077	308
1077	84
1077	679
1089	451
1097	200
1129	599
1129	591
1129	476
1130	158
1198	230
1201	584
1203	511
1203	210
1203	621
1203	452
1203	185
1203	17
1203	301
1203	177
1203	482
1203	150
1203	353
1203	538
1203	674
1203	401
1203	526
1203	193
1203	208
1207	511
1207	452
1207	95
1207	678
1207	401
1207	669
1207	444
1214	200
1214	370
1225	544
1225	631
1240	591
1240	679
1253	278
1257	116
1257	584
1257	338
1257	523
1258	527
1258	22
1269	104
1269	573
1270	378
1270	105
1270	340
1270	93
1270	591
1270	116
1270	584
1270	404
1270	523
1270	213
1270	679
1270	341
1278	512
1293	549
1296	243
1296	31
1302	380
1302	207
1302	209
1302	496
1321	488
1321	104
1321	0
1321	158
1321	296
1321	79
1327	527
1333	138
1333	347
1333	66
1333	331
1341	124
1344	95
1344	365
1344	650
1344	566
1344	543
1344	685
1345	307
1348	511
1348	37
1350	582
1350	659
1350	287
1350	233
1357	219
1357	544
1357	573
1357	235
1357	303
1357	191
1357	24
1357	260
1357	631
1394	45
1407	523
1416	58
1584	278
1590	395
1590	694
1590	591
1590	217
1590	573
1590	370
1590	517
1590	172
1711	379
1779	694
1779	504
1779	679
1801	340
1801	531
1935	72
1946	567
1946	623
1947	562
1951	607
1954	496
1961	275
1961	235
1974	587
1982	117
1994	198
1997	230
1997	307
2011	93
2011	194
2011	679
2012	93
2012	194
2012	679
2013	99
2067	511
2067	183
2067	195
2067	58
2067	436
2067	489
2067	4
2067	272
2067	524
2097	156
2150	338
2176	604
2176	511
2203	511
2203	132
2203	696
2203	163
2208	511
2208	119
2231	596
2231	242
2231	141
2231	189
2231	465
2231	54
2232	651
2232	375
2232	577
2232	285
2232	492
2297	156
2300	39
2300	377
2311	517
2353	590
2353	86
2359	249
2359	584
2401	87
2401	16
2401	229
2401	500
2401	40
2407	278
2407	173
2423	652
2453	555
2453	317
2474	293
2501	626
2501	29
2501	471
2502	92
2502	584
2529	577
2571	577
2613	81
2613	523
2746	487
2762	632
2762	198
2762	285
2762	468
2788	188
2788	584
2804	511
2840	597
2871	76
2871	316
2905	364
2915	196
2915	523
2918	523
3032	461
3032	44
3039	607
3061	511
3072	148
3072	537
3072	697
3074	3
3074	76
3074	265
3074	427
3074	398
3095	607
3101	60
3101	429
3101	421
3105	604
3105	134
3105	63
3105	62
3105	491
3105	371
3198	476
3210	523
3230	39
3230	9
3230	689
3301	589
3301	32
3301	282
3301	601
3301	353
3350	386
3350	567
3350	555
3350	465
3350	607
3354	178
3354	517
3363	423
3363	523
3421	563
3451	490
3451	103
3451	674
3451	640
3451	678
3451	401
3468	293
3469	636
3469	334
3469	567
3469	148
3469	621
3469	452
3469	348
3469	365
3469	186
3469	29
3469	669
3469	631
3471	278
3471	694
3471	370
3475	511
3507	511
3525	463
3525	583
3536	186
3635	589
3635	422
3635	645
3635	353
3635	588
3635	504
3675	261
3682	83
3682	373
3682	535
3699	278
3717	251
3717	185
3784	679
3836	501
3836	339
3836	662
3849	637
3849	432
3969	553
3969	389
3969	359
3969	317
3969	7
3969	371
4014	641
4014	570
4014	127
4014	680
4014	147
4014	357
4014	674
4014	669
4037	20
4037	54
4039	220
4091	105
4091	116
4142	231
4148	519
4148	132
4148	184
4148	285
4148	566
4148	696
4148	266
4184	149
4184	561
4184	511
4184	463
4216	236
4216	313
4226	577
4228	581
4306	409
4310	383
4310	339
4370	308
4370	591
4370	90
4370	371
4451	603
4451	583
4465	452
4465	277
4509	606
4509	216
4509	263
4515	549
4571	679
4814	238
4834	10
4873	443
4878	157
4878	679
4939	520
4939	679
4939	451
4994	377
4995	375
5005	315
5005	567
5005	261
318	511
1267	616
150	148
1405	88
1466	144
1466	254
1721	511
2028	651
2694	239
2762	538
3039	239
3578	144
4306	551
4306	88
25	304
4308	17
19	507
32	577
111	482
904	685
923	482
1088	42
1201	396
1219	685
1537	42
1617	507
1704	503
2420	503
2863	191
2866	191
3418	399
3499	685
3791	42
531	409
778	10
2291	15
2291	409
3081	633
2959	104
25	304
50	120
150	471
150	631
541	161
541	259
541	330
608	104
608	584
778	692
1089	451
1196	511
1196	402
1196	168
1208	332
1208	132
1208	156
1208	172
1223	51
1223	584
1254	511
1259	614
1265	156
1270	584
1732	104
1748	278
1748	443
1748	120
1748	402
1748	156
1916	638
1917	659
1965	201
1965	104
1965	156
2329	401
2395	584
2502	584
2542	104
2571	161
2571	259
2692	156
2890	692
2997	104
2997	120
2997	584
2997	156
3481	513
3535	573
3535	696
3897	505
3949	304
3949	132
4052	151
4848	132
4848	292
4848	120
4878	120
4878	156
4878	523
2683	88
2683	666
1653	308
1653	591
1653	402
1653	224
2291	207
296	10
541	259
541	443
541	308
541	402
593	519
593	235
593	285
593	543
778	104
778	10
778	193
924	161
924	61
924	402
924	370
924	156
1196	207
1196	524
1200	278
1200	23
1200	402
1200	543
1206	308
1210	524
1214	278
1214	117
1214	402
1214	370
1214	543
1258	511
1258	502
1270	93
1270	511
1270	584
1270	679
1274	532
1274	308
1274	172
1653	308
1653	402
1653	517
1884	10
1884	631
2161	435
2174	93
2232	375
2232	502
2232	492
2716	198
2722	538
2916	454
2916	308
2916	578
2916	402
2916	554
2959	132
2959	285
2959	451
2997	692
2997	156
2997	175
3052	212
3052	186
3300	278
3300	337
3300	84
3300	402
3300	543
3863	153
3863	117
3863	0
4262	511
4262	369
4262	97
4262	451
4643	538
4848	292
4848	156
4878	285
47	288
47	98
47	61
47	696
253	75
253	207
253	117
253	65
318	75
318	545
318	317
318	301
318	224
541	402
589	257
589	330
589	679
608	692
608	104
608	584
780	137
780	81
780	402
912	536
1080	239
1080	318
1080	279
1203	391
1203	193
1206	132
1206	285
1225	544
1225	631
1240	23
1240	591
1240	679
1381	116
1381	169
1527	84
1527	319
1527	327
1527	402
1721	99
1721	295
1748	402
1748	156
1748	224
1921	375
1921	235
1921	285
2194	542
2194	309
2194	369
2403	193
2762	285
3174	631
3178	289
3949	304
3949	285
3949	193
3994	656
4816	666
4993	148
4993	133
5009	219
593	132
593	235
593	285
593	696
593	543
588	228
1291	667
1291	478
2094	656
2989	589
2989	536
2989	176
2989	588
4367	340
4367	199
4963	20
4963	615
4963	609
97	100
1263	524
1701	239
2502	239
