65	613
65	178
65	203
65	203
65	435
65	484
65	178
65	203
65	203
121	104
121	10
121	546
121	404
121	279
121	609
121	91
121	91
129	305
129	496
129	521
129	116
129	91
129	232
129	116
129	560
129	638
129	285
129	8
129	652
129	43
129	201
129	116
129	235
129	303
129	285
129	402
129	156
129	224
129	679
133	584
133	295
133	341
190	679
190	402
190	679
190	679
205	437
205	646
279	567
279	511
279	489
279	431
279	628
279	431
318	403
318	207
318	402
320	468
320	468
320	697
342	44
342	285
342	679
342	97
342	545
342	204
342	566
342	505
342	511
342	441
342	692
342	38
342	546
342	279
342	327
342	584
342	318
342	279
342	44
342	156
342	502
342	285
342	303
342	98
342	502
342	448
342	591
342	160
342	71
342	401
342	88
342	285
342	584
342	513
342	391
342	401
342	224
342	44
342	402
342	554
342	340
342	532
342	156
342	614
342	1
342	511
342	614
342	545
342	31
342	434
342	295
342	340
342	434
342	183
342	115
342	69
348	692
348	498
370	88
370	322
370	262
370	94
409	189
469	199
469	614
469	8
469	193
469	224
469	193
469	224
469	451
469	542
469	631
469	697
489	585
505	209
505	476
505	285
505	546
505	75
505	546
505	97
505	156
505	235
505	669
505	105
505	88
505	546
505	93
505	546
505	318
505	584
505	44
505	554
505	116
505	546
505	523
505	156
505	476
505	529
505	209
534	259
534	299
534	156
534	224
558	435
558	452
558	178
558	484
558	435
558	435
558	270
558	203
558	556
619	295
619	118
619	295
619	317
619	410
619	303
619	211
619	546
619	463
619	295
619	595
619	295
619	510
619	476
619	13
619	258
619	546
619	567
619	78
619	622
619	295
619	196
619	295
619	612
619	53
619	236
619	644
619	313
619	442
619	247
619	487
619	295
619	487
619	487
619	314
619	570
619	580
619	295
619	511
619	546
619	319
619	295
619	631
619	262
619	295
619	487
619	546
619	95
619	546
619	295
619	540
619	568
619	469
619	278
619	176
619	278
619	454
619	19
619	478
619	511
619	642
619	546
619	95
619	444
619	567
619	381
619	350
619	571
619	244
619	529
619	295
619	669
619	469
619	546
619	115
619	678
619	292
619	311
619	319
619	604
619	251
619	185
619	521
619	116
619	678
619	193
619	48
619	295
619	162
619	546
619	546
619	564
619	219
631	321
631	511
631	132
631	387
631	88
631	452
631	250
631	120
631	387
631	311
631	179
631	290
631	128
631	23
631	161
631	330
631	402
693	128
693	10
693	277
693	451
693	614
693	277
693	318
693	443
693	10
693	277
693	156
693	308
693	308
693	402
693	692
693	10
693	618
693	132
693	277
693	259
693	308
693	156
693	277
693	156
693	235
693	156
693	104
693	120
693	156
693	10
693	156
693	277
693	288
693	288
693	156
693	235
693	402
693	156
694	117
739	565
739	513
739	91
739	88
770	340
786	183
786	605
888	380
910	435
910	484
910	178
910	484
910	435
910	435
910	270
910	203
910	176
964	128
964	340
964	402
964	128
964	340
964	137
964	659
964	226
964	484
964	99
964	81
964	319
964	402
964	187
964	128
964	340
964	511
964	207
964	303
964	402
964	194
964	168
964	128
964	511
964	546
964	409
964	207
964	88
964	417
964	34
964	19
964	584
964	566
964	295
964	266
964	207
964	402
964	194
964	370
964	128
964	132
964	299
964	285
964	584
964	156
964	451
964	128
964	251
964	340
964	207
964	133
964	147
964	303
964	216
964	136
969	55
969	120
969	387
969	405
969	55
969	288
1244	93
1244	161
1244	474
1244	61
1244	402
1244	156
1244	224
1408	577
1408	577
1408	285
1418	578
1418	253
1447	75
1447	372
1483	286
1587	505
1587	264
1587	633
1587	366
1587	566
1587	295
1587	259
1587	308
1587	578
1587	402
1587	288
1587	104
1587	443
1587	308
1587	327
1587	185
1587	104
1587	132
1587	76
1587	369
1587	172
1587	278
1587	35
1587	345
1587	288
1587	25
1587	120
1587	506
1587	156
1587	224
1587	132
1587	327
1587	104
1587	193
1587	175
1587	30
1587	166
1587	663
1587	235
1587	224
1587	502
1587	542
1587	185
1587	575
1587	154
1587	97
1587	451
1587	172
1587	443
1587	235
1587	285
1587	402
1587	156
1587	523
1587	224
1587	679
1588	501
1588	539
1588	454
1588	543
1588	372
1588	574
1588	687
1588	317
1588	99
1588	75
1588	383
1588	370
1588	471
1588	340
1588	207
1588	370
1588	673
1588	75
1588	545
1588	317
1588	301
1588	476
1588	8
1588	566
1588	224
1588	391
1588	609
1588	372
1588	621
1588	452
1588	75
1588	391
1588	285
1588	224
1588	75
1588	536
1588	295
1588	214
1588	524
1588	688
1588	566
1588	584
1588	609
1588	75
1588	584
1588	372
1588	340
1588	207
1588	209
1588	370
1588	409
1588	207
1588	34
1588	19
1588	584
1588	566
1588	295
1588	266
1588	340
1588	358
1588	501
1588	551
1588	20
1588	54
1588	414
1588	614
1588	545
1588	525
1588	380
1588	75
1588	207
1588	317
1588	643
1588	75
1588	308
1588	160
1588	71
1588	18
1588	43
1588	35
1588	308
1588	207
1588	506
1588	156
1588	224
1588	132
1588	75
1588	383
1588	58
1588	299
1588	596
1588	242
1588	54
1588	542
1588	210
1588	621
1588	452
1588	75
1588	365
1588	483
1588	185
1588	391
1588	401
1588	224
1588	584
1588	18
1588	566
1588	279
1588	252
1588	222
1588	132
1588	299
1588	285
1588	193
1588	75
1588	688
1588	249
1588	214
1588	380
1588	634
1588	496
1588	614
1588	501
1588	340
1588	207
1588	147
1588	136
1616	118
1623	132
1623	279
1623	193
1623	451
1629	679
1629	546
1629	44
1629	679
1629	285
1629	696
1629	539
1629	120
1629	543
1629	297
1629	104
1629	358
1629	686
1629	679
1629	485
1629	224
1629	546
1629	505
1629	383
1629	58
1629	546
1629	318
1629	631
1629	520
1629	308
1629	402
1629	679
1629	285
1629	696
1629	692
1629	193
1629	156
1629	546
1629	51
1629	546
1629	279
1629	327
1629	104
1629	219
1629	404
1629	455
1629	308
1629	156
1629	370
1629	193
1629	502
1629	402
1629	546
1629	117
1629	679
1629	369
1629	684
1629	443
1629	679
1629	505
1629	317
1629	614
1629	679
1629	404
1629	679
1629	466
1629	404
1629	216
1629	358
1629	235
1629	546
1629	209
1629	156
1629	631
1629	104
1629	156
1629	375
1629	631
1629	502
1629	679
1629	98
1629	156
1629	275
1629	235
1629	285
1629	297
1629	546
1629	546
1629	402
1629	679
1629	679
1629	358
1629	691
1629	502
1629	299
1629	156
1629	395
1629	34
1629	318
1629	117
1629	44
1629	104
1629	402
1629	156
1629	554
1629	308
1629	25
1629	554
1629	679
1629	279
1629	345
1629	117
1629	546
1629	614
1629	290
1629	26
1629	98
1629	404
1629	156
1629	104
1629	259
1629	308
1629	178
1629	402
1629	554
1629	104
1629	156
1629	546
1629	104
1629	156
1629	279
1629	156
1629	235
1629	614
1629	217
1629	573
1629	446
1629	156
1629	614
1629	679
1629	546
1629	113
1629	297
1629	98
1629	143
1629	346
1629	656
1629	82
1629	403
1629	505
1629	614
1629	404
1629	285
1629	104
1629	25
1629	279
1629	546
1629	684
1629	395
1629	198
1629	546
1629	696
1629	299
1629	285
1629	156
1629	224
1629	679
1629	288
1629	198
1629	546
1629	402
1629	156
1629	375
1629	260
1629	631
1629	165
1662	456
1662	537
1662	279
1662	692
1662	104
1662	308
1662	402
1662	132
1662	308
1662	299
1662	236
1662	93
1662	407
1662	93
1662	104
1662	308
1662	299
1662	511
1662	117
1662	307
1662	0
1662	105
1662	515
1662	675
1662	456
1662	664
1662	117
1662	120
1662	285
1662	0
1662	135
1662	578
1662	98
1662	502
1662	285
1662	524
1662	456
1662	250
1662	402
1678	117
1678	569
1678	60
1678	617
1678	75
1678	383
1678	656
1678	516
1678	511
1678	75
1678	545
1678	8
1678	224
1678	505
1678	511
1678	75
1678	688
1678	317
1678	584
1678	20
1678	236
1678	313
1678	604
1678	567
1678	511
1678	132
1678	350
1678	206
1678	224
1678	288
1678	137
1678	99
1678	81
1678	570
1678	672
1678	452
1678	76
1678	193
1678	224
1678	541
1678	183
1678	511
1678	20
1678	54
1678	299
1678	484
1678	582
1678	621
1678	233
1678	224
1678	659
1678	81
1678	370
1678	546
1678	275
1678	533
1678	235
1678	285
1678	297
1678	132
1678	75
1678	76
1678	100
1678	662
1678	65
1678	37
1678	207
1678	147
1678	349
1678	136
1678	569
1678	402
1678	224
1678	91
1678	75
1678	688
1678	249
1678	476
1678	401
1678	241
1678	476
1678	317
1678	371
1678	48
1678	42
1678	629
1678	690
1678	34
1678	604
1678	56
1678	401
1678	631
1678	44
1678	442
1678	317
1678	356
1678	11
1678	375
1678	235
1678	285
1678	295
1678	260
1678	631
1678	418
1678	100
1678	631
1741	479
1741	0
1741	579
1741	679
1741	589
1741	353
1741	19
1741	273
1741	369
1741	351
1741	116
1741	44
1741	679
1741	353
1741	696
1741	116
1741	451
1741	19
1741	604
1741	593
1741	604
1741	277
1741	198
1741	549
1741	451
1741	257
1741	308
1741	578
1741	104
1741	696
1741	257
1741	467
1741	264
1741	537
1741	549
1741	65
1741	183
1741	357
1741	696
1741	277
1741	589
1741	353
1741	589
1741	353
1741	172
1741	88
1741	89
1741	44
1741	1
1741	273
1741	477
1741	89
1741	459
1741	141
1741	318
1741	450
1741	148
1741	679
1741	536
1741	158
1741	587
1741	176
1741	353
1741	318
1741	318
1741	60
1741	477
1741	621
1741	353
1741	604
1741	353
1741	589
1741	308
1741	578
1741	353
1741	353
1741	435
1741	572
1741	353
1741	679
1741	519
1741	353
1741	696
1741	172
1741	246
1741	594
1741	353
1741	373
1741	172
1741	452
1741	353
1741	696
1741	353
1741	396
1741	318
1741	104
1741	279
1741	96
1741	452
1741	353
1741	401
1741	277
1741	308
1741	369
1741	353
1741	353
1741	696
1741	632
1741	651
1741	384
1741	353
1741	578
1741	60
1741	369
1741	353
1741	97
1741	534
1741	60
1741	353
1741	273
1741	497
1741	89
1741	511
1741	353
1741	161
1741	511
1741	60
1741	450
1741	536
1741	353
1741	353
1741	353
1741	104
1741	43
1741	392
1741	452
1741	353
1741	401
1741	276
1741	447
1741	248
1741	284
1741	147
1741	83
1741	593
1741	60
1741	336
1741	369
1741	89
1741	353
1741	453
1741	226
1741	138
1741	308
1741	549
1741	104
1741	308
1741	60
1741	552
1741	235
1741	1
1741	308
1741	452
1741	549
1741	392
1741	616
1741	308
1741	649
1741	277
1741	452
1741	353
1741	483
1741	353
1741	369
1741	353
1741	303
1741	369
1741	483
1741	549
1741	277
1741	504
1741	589
1741	353
1741	679
1741	116
1741	74
1741	60
1741	589
1741	353
1741	353
1741	273
1741	449
1741	235
1741	696
1741	579
1741	494
1741	589
1741	353
1741	573
1741	353
1741	679
1741	80
1741	336
1741	193
1741	589
1741	353
1741	579
1741	396
1741	589
1741	336
1741	353
1741	273
1741	534
1741	104
1741	116
1741	679
1741	279
1741	549
1741	552
1741	277
1741	158
1741	60
1741	65
1741	353
1741	89
1741	353
1741	696
1741	679
1741	621
1741	353
1741	353
1741	353
1741	679
1741	116
1741	116
1741	257
1741	60
1741	353
1741	484
1741	431
1741	589
1741	104
1741	369
1741	318
1741	129
1741	589
1741	353
1741	483
1741	344
1741	549
1741	308
1741	483
1741	353
1741	308
1741	318
1741	589
1741	353
1741	384
1741	104
1741	391
1741	353
1741	138
1741	60
1741	353
1741	607
1741	277
1741	193
1741	104
1741	464
1741	430
1741	1
1741	116
1741	353
1741	696
1741	353
1741	696
1741	353
1741	696
1741	353
1741	696
1741	353
1741	696
1741	353
1741	696
1741	353
1741	696
1741	353
1741	696
1741	93
1741	353
1741	696
1741	353
1741	696
1741	353
1741	696
1741	353
1741	696
1741	353
1741	696
1741	353
1741	696
1741	353
1741	696
1741	353
1741	696
1741	353
1741	696
1741	198
1741	198
1741	90
1741	308
1741	679
1741	679
1741	49
1741	60
1741	369
1741	430
1741	1
1741	19
1741	353
1741	696
1741	357
1741	193
1741	190
1741	308
1741	138
1741	430
1741	353
1741	696
1741	353
1741	696
1741	604
1741	353
1741	0
1741	589
1741	536
1741	353
1741	104
1741	41
1741	369
1741	621
1741	353
1741	536
1741	336
1741	60
1741	369
1741	523
1741	452
1741	483
1741	353
1741	279
1741	39
1741	621
1741	353
1741	549
1741	147
1741	593
1741	627
1741	277
1741	65
1741	277
1741	549
1741	604
1741	549
1741	60
1741	589
1741	353
1741	353
1741	353
1741	621
1741	333
1741	649
1741	353
1741	604
1741	452
1741	116
1741	696
1741	353
1741	696
1741	384
1741	353
1741	353
1741	273
1741	420
1741	308
1741	308
1741	369
1741	308
1741	116
1741	555
1741	209
1741	74
1741	353
1741	65
1741	80
1741	158
1741	60
1741	587
1741	336
1741	573
1741	353
1741	91
1741	554
1741	318
1741	679
1741	277
1741	60
1741	579
1741	353
1741	696
1741	430
1741	198
1741	198
1741	277
1741	104
1741	90
1741	318
1741	89
1741	60
1741	226
1741	158
1741	484
1741	60
1741	353
1741	483
1741	353
1741	60
1741	430
1741	353
1741	353
1741	277
1741	277
1741	371
1741	308
1741	536
1741	353
1741	60
1741	353
1741	91
1741	589
1741	353
1741	277
1741	589
1741	536
1741	353
1741	589
1741	353
1741	451
1741	679
1741	549
1741	273
1741	589
1741	353
1741	589
1741	353
1741	589
1741	336
1741	353
1741	589
1741	353
1741	89
1741	318
1741	401
1741	353
1741	579
1741	549
1741	183
1741	277
1741	336
1741	303
1741	344
1741	452
1741	277
1741	589
1741	353
1741	552
1741	649
1741	60
1741	621
1741	353
1741	604
1741	63
1741	342
1741	353
1741	649
1741	386
1741	435
1741	544
1741	353
1741	549
1741	318
1741	279
1741	353
1741	696
1741	649
1741	639
1741	116
1741	65
1741	60
1741	353
1741	600
1741	600
1741	522
1741	353
1741	104
1741	277
1741	696
1741	451
1741	89
1741	116
1741	589
1741	353
1741	369
1741	353
1741	49
1741	1
1741	430
1741	430
1741	604
1741	621
1741	277
1741	452
1741	277
1741	60
1741	323
1741	353
1741	452
1741	353
1741	60
1741	536
1741	336
1741	353
1741	621
1741	483
1741	483
1741	353
1741	696
1741	451
1741	89
1741	1
1741	129
1741	60
1741	353
1741	589
1741	353
1741	589
1741	353
1741	589
1741	353
1741	589
1741	336
1741	353
1741	277
1741	396
1741	104
1741	369
1741	353
1741	116
1741	308
1741	44
1741	172
1741	44
1741	44
1741	147
1741	60
1741	353
1741	318
1741	1
1741	89
1741	91
1741	1
1741	604
1741	452
1741	649
1741	452
1741	483
1741	60
1741	60
1741	589
1741	336
1741	353
1741	277
1741	60
1741	589
1741	336
1741	353
1741	277
1741	679
1741	587
1741	353
1741	77
1741	273
1741	589
1741	353
1741	353
1741	589
1741	353
1741	60
1741	79
1741	696
1741	536
1741	60
1741	270
1741	203
1741	353
1741	696
1741	604
1741	621
1741	353
1741	35
1741	579
1741	536
1741	369
1741	621
1741	353
1741	621
1741	353
1741	396
1741	104
1741	257
1741	353
1741	353
1741	41
1741	308
1741	318
1741	277
1741	318
1741	696
1741	353
1741	382
1741	277
1741	452
1741	277
1741	549
1741	90
1741	499
1741	679
1741	203
1741	89
1741	308
1741	44
1741	36
1741	60
1741	65
1741	60
1741	129
1741	85
1741	302
1741	353
1741	696
1741	589
1741	353
1741	60
1741	392
1741	235
1741	116
1741	587
1741	193
1741	318
1741	104
1741	620
1741	549
1741	679
1741	579
1741	452
1741	60
1741	248
1741	353
1741	279
1741	621
1741	536
1741	549
1755	117
1755	285
1755	132
1755	98
1755	696
1755	198
1755	235
1755	117
1755	566
1755	684
1755	633
1755	527
1763	314
1763	696
1763	383
1763	476
1763	558
1763	511
1763	383
1763	38
1763	279
1763	97
1763	363
1763	279
1763	138
1763	138
1763	300
1763	358
1763	183
1763	369
1763	97
1763	79
1763	383
1763	279
1763	314
1763	328
1763	269
1763	314
1763	138
1763	183
1763	146
1763	328
1763	383
1763	383
1763	476
1763	204
1763	116
1763	314
1763	621
1763	383
1763	279
1763	328
1763	496
1763	269
1763	183
1763	566
1763	558
1775	443
1775	372
1835	556
1835	484
1835	556
1835	667
1835	178
1835	484
1835	484
1835	556
1835	270
1835	270
1835	203
1835	667
1835	435
1835	667
1835	178
1835	203
1835	556
1835	435
1835	556
1849	115
1849	501
1849	20
1849	120
1849	543
1849	667
1849	128
1849	136
1849	654
1849	20
1849	543
1849	654
1849	655
1849	654
1849	267
1849	602
1849	655
1849	136
1849	20
1849	409
1849	584
1849	295
1849	531
1849	341
1849	340
1849	358
1849	543
1849	539
1849	667
1849	543
1849	543
1849	128
1849	655
1849	267
1849	128
1849	539
1849	539
1849	343
1849	128
1849	115
1849	543
1849	655
1849	667
1849	136
1849	128
1849	136
1849	115
1849	667
1849	115
1849	20
1849	667
1849	267
1849	655
1849	267
1849	655
1849	654
1849	343
1849	654
1849	128
1849	654
1849	539
1849	539
1849	20
1867	311
1867	303
1867	376
2001	667
2001	556
2001	178
2001	667
2001	178
2001	270
2001	203
2001	667
2001	435
2001	667
2001	667
2001	178
2001	556
2024	679
2024	569
2024	569
2024	104
2024	65
2024	569
2024	569
2041	21
2062	340
2062	308
2062	44
2062	529
2062	487
2062	340
2062	486
2062	511
2062	543
2062	511
2062	117
2062	218
2062	413
2062	117
2062	194
2062	543
2062	311
2062	543
2062	487
2062	312
2062	117
2062	224
2160	308
2160	23
2188	79
2188	309
2188	117
2188	651
2188	577
2193	353
2193	295
2193	692
2193	237
2193	224
2193	340
2193	692
2193	402
2193	692
2193	486
2193	620
2193	571
2217	416
2217	43
2217	523
2228	303
2228	346
2228	303
2228	303
2232	679
2248	65
2248	402
2248	696
2248	259
2248	402
2248	504
2248	340
2248	679
2248	287
2248	504
2248	679
2248	358
2248	511
2248	474
2270	543
2270	511
2270	128
2270	88
2270	128
2270	104
2270	584
2270	172
2270	84
2270	50
2270	402
2270	156
2270	652
2270	259
2270	156
2270	224
2270	278
2270	443
2270	402
2270	156
2270	360
2270	576
2270	303
2270	451
2270	335
2270	443
2270	292
2270	156
2270	584
2270	567
2270	432
2270	367
2270	411
2274	132
2274	323
2274	696
2274	539
2274	97
2274	543
2274	67
2274	104
2274	8
2274	23
2274	259
2274	519
2274	285
2274	696
2274	548
2274	155
2274	511
2274	97
2274	319
2274	319
2274	97
2274	164
2274	340
2274	443
2274	156
2274	224
2274	132
2274	524
2274	185
2274	369
2274	23
2274	84
2274	402
2274	543
2274	473
2274	483
2274	581
2274	23
2274	682
2274	528
2274	443
2274	120
2274	224
2274	299
2274	285
2274	193
2274	451
2274	548
2274	155
2274	193
2274	323
2274	502
2274	536
2276	295
2295	611
2298	318
2299	314
2299	697
2299	2
2299	110
2299	546
2299	140
2299	236
2299	89
2299	88
2299	236
2299	101
2299	571
2299	89
2299	204
2299	186
2299	123
2299	193
2299	278
2299	358
2299	619
2299	402
2299	686
2299	679
2299	546
2299	676
2299	140
2299	236
2299	477
2299	239
2299	445
2299	89
2299	509
2299	138
2299	311
2299	614
2299	487
2299	110
2299	546
2299	511
2299	259
2299	288
2299	308
2299	591
2299	84
2299	402
2299	288
2299	366
2299	584
2299	341
2299	511
2299	132
2299	502
2299	285
2299	696
2299	311
2299	409
2299	409
2299	128
2299	137
2299	278
2299	99
2299	402
2299	524
2299	511
2299	567
2299	362
2299	345
2299	132
2299	117
2299	36
2299	79
2299	555
2299	147
2299	130
2299	236
2299	27
2299	328
2299	306
2299	89
2299	511
2299	88
2299	584
2299	341
2299	609
2299	505
2299	567
2299	511
2299	391
2299	678
2299	193
2299	567
2299	511
2299	132
2299	117
2299	285
2299	696
2299	543
2299	372
2299	567
2299	511
2299	395
2299	443
2299	250
2299	34
2299	186
2299	511
2299	288
2299	132
2299	502
2299	543
2299	201
2299	287
2299	153
2299	117
2299	451
2299	79
2299	511
2299	633
2299	117
2299	256
2299	587
2299	288
2299	117
2299	186
2299	278
2299	682
2299	402
2299	686
2299	370
2299	679
2299	278
2299	546
2299	402
2299	308
2299	591
2299	84
2299	160
2299	71
2299	402
2299	193
2299	224
2299	106
2299	67
2299	236
2299	489
2299	202
2299	505
2299	75
2299	383
2299	489
2299	295
2299	631
2299	567
2299	132
2299	250
2299	375
2299	235
2299	502
2299	186
2299	156
2299	200
2299	137
2299	278
2299	511
2299	132
2299	117
2299	288
2299	584
2299	156
2299	311
2299	300
2299	110
2299	511
2299	402
2299	686
2299	481
2299	511
2299	632
2299	198
2299	633
2299	527
2299	117
2299	5
2299	502
2299	0
2299	165
2299	543
2299	511
2299	362
2299	212
2299	633
2299	406
2299	511
2299	198
2299	159
2299	5
2299	402
2299	165
2299	27
2299	89
2299	198
2299	502
2299	285
2299	543
2299	546
2299	132
2299	445
2299	509
2299	145
2299	311
2299	311
2299	545
2299	290
2299	126
2299	200
2299	278
2299	303
2299	370
2299	128
2299	346
2299	402
2299	656
2299	130
2299	505
2299	487
2299	584
2299	91
2299	145
2299	546
2299	140
2299	88
2299	236
2299	239
2299	89
2299	109
2299	132
2299	215
2299	186
2299	546
2299	627
2299	89
2299	584
2299	277
2299	202
2299	492
2299	443
2299	235
2299	502
2299	285
2299	584
2299	402
2299	193
2299	156
2299	224
2299	179
2299	88
2299	128
2299	148
2299	185
2299	393
2299	672
2299	489
2299	584
2299	295
2299	174
2299	341
2367	69
2367	69
2367	69
2367	69
2367	69
2367	69
2367	69
2470	236
2474	584
2474	295
2492	483
2492	299
2492	156
2515	214
2515	156
2611	185
2611	696
2611	687
2611	546
2611	622
2611	303
2611	135
2611	511
2611	476
2611	442
2611	438
2611	621
2611	598
2611	175
2611	559
2611	175
2611	186
2611	97
2611	285
2611	474
2611	285
2611	679
2611	221
2611	609
2611	11
2702	340
2702	539
2702	308
2702	591
2702	44
2702	402
2702	679
2702	451
2702	288
2702	659
2702	257
2702	308
2702	402
2702	679
2702	61
2702	402
2702	104
2702	308
2702	591
2702	156
2702	224
2702	161
2702	591
2702	330
2702	679
2702	84
2702	402
2702	278
2702	511
2702	686
2702	536
2702	387
2702	372
2702	93
2702	308
2702	554
2702	198
2702	205
2702	70
2702	454
2702	484
2702	536
2702	128
2702	76
2702	104
2702	299
2702	193
2702	443
2702	638
2702	567
2702	443
2702	578
2702	542
2702	116
2702	402
2702	193
2702	156
2702	224
2702	679
2721	401
2742	447
2751	670
2751	164
2751	264
2847	390
2847	390
2847	390
2847	390
2847	390
2847	390
2847	390
2847	390
2847	390
2847	390
2847	390
2847	390
2847	390
2855	115
2855	625
2855	240
2855	267
2855	82
2855	115
2855	115
2855	128
2855	128
2855	128
2855	625
2931	370
2988	57
2988	296
3029	249
3029	295
3029	505
3029	209
3029	88
3029	571
3029	214
3029	44
3029	295
3029	304
3029	371
3029	295
3029	615
3029	147
3029	584
3029	295
3031	507
3031	577
3031	34
3031	320
3031	693
3031	482
3031	318
3031	34
3031	318
3031	165
3031	34
3031	34
3031	318
3031	42
3031	577
3031	226
3031	34
3031	318
3031	42
3031	396
3031	34
3031	318
3031	318
3031	503
3031	183
3031	503
3031	34
3031	318
3031	191
3031	191
3031	396
3031	318
3031	34
3031	110
3031	399
3031	42
3031	42
3031	10
3031	34
3031	26
3031	207
3031	572
3031	207
3031	385
3051	292
3051	292
3051	132
3051	330
3051	292
3051	604
3051	530
3051	404
3051	406
3051	546
3051	679
3076	476
3076	73
3076	589
3076	623
3076	589
3076	380
3076	346
3076	369
3076	268
3076	49
3076	550
3076	147
3081	278
3081	402
3081	504
3081	128
3081	402
3081	370
3081	278
3081	402
3081	370
3127	648
3177	10
3177	155
3177	400
3178	68
3238	511
3238	551
3238	172
3238	245
3238	241
3238	225
3238	114
3238	476
3251	93
3251	519
3251	486
3251	58
3251	303
3251	487
3251	391
3251	631
3251	425
3251	548
3251	10
3251	155
3251	196
3251	631
3251	278
3251	454
3251	310
3251	319
3251	327
3251	402
3251	429
3251	664
3251	327
3257	586
3257	283
3321	380
3321	458
3385	58
3385	311
3385	15
3385	511
3385	366
3385	319
3385	15
3385	633
3385	317
3385	156
3386	476
3386	13
3415	676
3415	573
3490	340
3490	207
3490	397
3490	659
3490	397
3490	555
3490	298
3490	234
3548	104
3569	511
3576	538
3576	97
3576	543
3576	294
3576	33
3576	116
3576	278
3576	417
3576	330
3576	402
3576	370
3576	185
3576	10
3576	451
3576	141
3576	54
3576	23
3576	308
3576	250
3576	591
3576	402
3576	475
3576	79
3576	493
3576	592
3576	372
3576	361
3576	567
3576	512
3576	171
3576	97
3576	431
3576	443
3576	207
3576	249
3576	73
3576	98
3576	525
3576	407
3576	322
3576	317
3576	355
3576	452
3576	25
3576	34
3576	104
3576	128
3576	358
3576	230
3576	417
3576	692
3576	443
3576	308
3576	584
3576	279
3576	402
3576	224
3576	183
3576	505
3576	452
3576	95
3576	256
3576	678
3576	401
3576	396
3576	141
3576	54
3576	79
3576	223
3576	131
3576	372
3576	567
3576	546
3576	512
3576	46
3576	318
3576	550
3576	35
3576	332
3576	567
3576	472
3576	355
3576	279
3576	112
3576	279
3576	546
3576	45
3576	584
3576	332
3576	524
3576	146
3576	308
3576	353
3576	505
3576	249
3576	64
3576	544
3576	303
3576	414
3576	560
3576	439
3576	8
3576	167
3576	512
3576	146
3576	560
3576	524
3576	541
3576	12
3576	170
3576	47
3576	142
3576	414
3576	410
3576	227
3576	681
3576	211
3576	139
3576	496
3576	291
3576	264
3576	353
3576	450
3576	279
3576	665
3576	524
3576	271
3576	278
3576	692
3576	10
3576	170
3576	678
3576	59
3576	474
3576	20
3576	54
3576	323
3576	578
3576	98
3576	502
3576	132
3576	443
3576	292
3576	0
3576	156
3576	280
3576	111
3576	207
3576	417
3576	133
3576	147
3576	351
3576	252
3576	474
3596	311
3596	555
3596	128
3596	455
3596	383
3596	34
3596	212
3596	207
3596	330
3596	402
3596	58
3596	372
3596	192
3596	71
3596	402
3596	372
3596	311
3596	425
3596	692
3596	104
3596	10
3596	155
3596	104
3596	132
3596	76
3596	97
3596	511
3596	545
3596	604
3596	631
3596	442
3596	317
3596	692
3596	104
3596	327
3596	365
3596	289
3596	657
3596	631
3596	120
3596	156
3629	435
3661	476
3797	697
3822	104
3822	279
3822	402
3822	405
3822	156
3867	426
3871	539
3871	308
3871	44
3871	285
3871	402
3871	679
3871	230
3871	507
3871	98
3871	696
3871	604
3871	471
3871	511
3871	545
3871	317
3871	8
3871	45
3871	692
3871	137
3871	278
3871	659
3871	402
3871	511
3871	688
3871	278
3871	23
3871	483
3871	212
3871	132
3871	308
3871	285
3871	278
3871	23
3871	511
3871	370
3871	5
3871	694
3871	591
3871	402
3871	517
3871	104
3871	443
3871	308
3871	446
3871	193
3871	361
3871	132
3871	224
3871	161
3871	308
3871	61
3871	201
3871	633
3871	117
3871	278
3871	529
3871	389
3871	359
3871	23
3871	161
3871	308
3871	409
3871	402
3871	632
3871	402
3871	156
3871	679
3916	351
3916	295
3916	351
3916	180
3916	692
3916	6
3916	102
3916	88
3916	431
3930	488
3941	84
3941	402
4030	511
4087	653
4087	567
4087	3
4087	528
4087	132
4087	10
4087	608
4087	76
4087	100
4087	193
4087	604
4087	511
4087	505
4087	533
4087	614
4087	637
4087	235
4087	324
4087	584
4087	669
4087	341
4087	132
4087	490
4087	209
4087	309
4087	514
4087	369
4087	326
4087	97
4087	28
4087	10
4087	116
4087	403
4087	255
4087	542
4087	209
4087	76
4087	108
4087	365
4087	391
4087	476
4087	558
4087	631
4087	604
4087	219
4087	567
4087	511
4087	132
4087	383
4087	58
4087	224
4087	519
4087	511
4087	185
4087	132
4087	323
4087	235
4087	502
4087	285
4087	696
4087	543
4087	182
4087	197
4087	196
4087	671
4087	352
4087	593
4087	505
4087	547
4087	414
4087	197
4087	354
4087	503
4087	520
4087	8
4087	214
4087	669
4087	509
4087	519
4087	104
4087	308
4087	303
4087	584
4087	156
4087	60
4087	455
4087	128
4087	278
4087	23
4087	511
4087	117
4087	46
4087	402
4087	370
4087	543
4087	511
4087	621
4087	452
4087	185
4087	75
4087	76
4087	301
4087	401
4087	193
4087	224
4087	278
4087	23
4087	511
4087	84
4087	387
4087	370
4087	517
4087	543
4087	372
4087	511
4087	528
4087	288
4087	273
4087	367
4087	181
4087	319
4087	584
4087	304
4087	627
4087	107
4087	394
4087	105
4087	614
4087	214
4087	523
4087	511
4087	542
4087	452
4087	185
4087	483
4087	505
4087	551
4087	614
4087	116
4087	584
4087	152
4087	338
4087	609
4087	212
4087	274
4087	660
4087	443
4087	511
4087	10
4087	510
4087	76
4087	319
4087	83
4087	8
4087	193
4087	546
4087	75
4087	88
4087	303
4087	584
4087	513
4087	403
4087	281
4087	614
4087	443
4087	116
4087	638
4087	285
4087	8
4087	652
4087	128
4087	75
4087	495
4087	451
4087	10
4087	545
4087	295
4087	277
4087	695
4087	75
4087	122
4087	371
4087	425
4087	288
4087	304
4087	132
4087	10
4087	688
4087	576
4087	196
4087	285
4087	193
4087	340
4087	576
4087	556
4087	617
4087	624
4087	75
4087	181
4087	433
4087	451
4087	492
4087	609
4087	598
4087	615
4087	281
4087	505
4087	614
4087	104
4087	304
4087	545
4087	88
4087	610
4087	584
4087	8
4087	152
4087	652
4087	490
4087	661
4087	10
4087	18
4087	470
4129	557
4129	442
4129	221
4129	239
4146	350
4146	401
4146	451
4206	584
4206	156
4274	480
4281	288
4284	546
4284	305
4284	496
4284	128
4284	257
4284	460
4284	162
4284	116
4284	259
4284	402
4284	462
4284	554
4284	546
4284	546
4284	658
4284	329
4284	138
4284	614
4284	630
4284	487
4284	679
4284	485
4284	116
4284	618
4284	314
4284	546
4284	318
4284	589
4284	259
4284	402
4284	128
4284	659
4284	330
4284	402
4284	679
4284	311
4284	319
4284	692
4284	104
4284	353
4284	584
4284	546
4284	412
4284	692
4284	104
4284	415
4284	79
4284	546
4284	31
4284	694
4284	402
4284	504
4284	128
4284	326
4284	402
4284	486
4284	419
4284	128
4284	340
4284	511
4284	370
4284	168
4284	692
4284	104
4284	402
4284	128
4284	511
4284	402
4284	370
4284	201
4284	128
4284	511
4284	546
4284	487
4284	79
4284	692
4284	116
4284	571
4284	156
4284	523
4284	235
4284	502
4284	692
4284	201
4284	486
4284	79
4284	93
4284	138
4284	546
4284	571
4284	669
4284	679
4284	511
4284	648
4284	303
4284	404
4284	279
4284	511
4284	408
4284	402
4284	679
4284	616
4284	402
4284	546
4284	128
4284	546
4284	318
4284	402
4284	511
4284	288
4284	160
4284	402
4284	279
4284	402
4284	370
4284	692
4284	546
4284	104
4284	618
4284	278
4284	424
4284	402
4284	546
4284	618
4284	567
4284	235
4284	120
4284	387
4284	546
4284	207
4284	417
4284	207
4284	402
4284	546
4284	679
4284	546
4284	546
4284	120
4284	502
4284	285
4284	187
4284	128
4284	185
4284	97
4284	278
4284	440
4284	117
4284	368
4284	57
4284	546
4284	546
4284	201
4284	92
4284	325
4284	117
4284	23
4284	402
4284	84
4284	44
4284	402
4284	679
4284	511
4284	148
4284	697
4284	546
4284	297
4284	402
4284	546
4284	614
4284	319
4284	79
4284	57
4284	546
4284	326
4284	318
4284	546
4284	318
4284	370
4284	337
4284	402
4284	117
4284	372
4284	511
4284	546
4284	305
4284	337
4284	147
4284	474
4284	546
4284	233
4284	546
4284	189
4284	297
4284	692
4284	212
4284	486
4284	287
4284	79
4284	79
4284	546
4284	478
4284	85
4284	156
4284	224
4321	511
4321	566
4321	319
4321	319
4321	635
4321	697
4321	128
4321	278
4321	454
4321	309
4321	236
4321	584
4321	93
4321	161
4321	257
4321	308
4321	61
4321	299
4321	402
4321	156
4321	554
4321	198
4321	117
4321	120
4321	285
4321	543
4321	104
4321	132
4321	235
4321	299
4321	584
4321	156
4321	224
4321	451
4321	647
4372	402
4372	370
4372	370
4372	402
4372	370
4372	402
4372	370
4372	546
4393	455
4393	571
4393	489
4393	214
4393	502
4393	214
4450	698
4450	156
4450	668
4450	323
4450	125
4450	350
4450	206
4450	39
4450	631
4450	504
4450	257
4450	677
4450	517
4450	508
4450	589
4450	509
4450	278
4450	14
4450	518
4450	370
4450	521
4450	383
4450	441
4450	391
4450	118
4450	428
4450	622
4450	607
4450	192
4450	116
4450	474
4450	388
4450	604
4450	622
4450	209
4450	442
4450	683
4450	631
4450	519
4450	185
4450	696
4450	311
4450	487
4450	517
4450	278
4450	476
4450	669
4450	340
4450	511
4450	555
4450	567
4450	511
4450	489
4450	52
4450	431
4450	628
4450	577
4450	255
4450	457
4450	511
4450	278
4450	161
4450	591
4450	370
4450	517
4450	156
4450	249
4450	79
4450	450
4450	374
4450	556
4450	380
4450	121
4450	555
4450	156
4450	308
4450	84
4450	679
4450	451
4450	200
4450	599
4450	591
4450	476
4450	158
4450	230
4450	584
4450	511
4450	210
4450	621
4450	452
4450	185
4450	17
4450	301
4450	177
4450	482
4450	150
4450	353
4450	538
4450	674
4450	401
4450	526
4450	193
4450	208
4450	511
4450	452
4450	95
4450	678
4450	401
4450	669
4450	444
4450	200
4450	370
4450	544
4450	631
4450	591
4450	679
4450	278
4450	116
4450	584
4450	338
4450	523
4450	527
4450	22
4450	104
4450	573
4450	378
4450	105
4450	340
4450	93
4450	591
4450	116
4450	584
4450	404
4450	523
4450	213
4450	679
4450	341
4450	512
4450	549
4450	243
4450	31
4450	380
4450	207
4450	209
4450	496
4450	488
4450	104
4450	0
4450	158
4450	296
4450	79
4450	527
4450	138
4450	347
4450	66
4450	331
4450	124
4450	95
4450	365
4450	650
4450	566
4450	543
4450	685
4450	307
4450	511
4450	37
4450	582
4450	659
4450	287
4450	233
4450	219
4450	544
4450	573
4450	235
4450	303
4450	191
4450	24
4450	260
4450	631
4450	45
4450	523
4450	58
4450	278
4450	395
4450	694
4450	591
4450	217
4450	573
4450	370
4450	517
4450	172
4450	379
4450	694
4450	504
4450	679
4450	340
4450	531
4450	72
4450	567
4450	623
4450	562
4450	607
4450	496
4450	275
4450	235
4450	587
4450	117
4450	198
4450	230
4450	307
4450	93
4450	194
4450	679
4450	93
4450	194
4450	679
4450	99
4450	511
4450	183
4450	195
4450	58
4450	436
4450	489
4450	4
4450	272
4450	524
4450	156
4450	338
4450	604
4450	511
4450	511
4450	132
4450	696
4450	163
4450	511
4450	119
4450	596
4450	242
4450	141
4450	189
4450	465
4450	54
4450	651
4450	375
4450	577
4450	285
4450	492
4450	156
4450	39
4450	377
4450	517
4450	590
4450	86
4450	249
4450	584
4450	87
4450	16
4450	229
4450	500
4450	40
4450	278
4450	173
4450	652
4450	555
4450	317
4450	293
4450	626
4450	29
4450	471
4450	92
4450	584
4450	577
4450	577
4450	81
4450	523
4450	487
4450	632
4450	198
4450	285
4450	468
4450	188
4450	584
4450	511
4450	597
4450	76
4450	316
4450	364
4450	196
4450	523
4450	523
4450	461
4450	44
4450	607
4450	511
4450	148
4450	537
4450	697
4450	3
4450	76
4450	265
4450	427
4450	398
4450	607
4450	60
4450	429
4450	421
4450	604
4450	134
4450	63
4450	62
4450	491
4450	371
4450	476
4450	523
4450	39
4450	9
4450	689
4450	589
4450	32
4450	282
4450	601
4450	353
4450	386
4450	567
4450	555
4450	465
4450	607
4450	178
4450	517
4450	423
4450	523
4450	563
4450	490
4450	103
4450	674
4450	640
4450	678
4450	401
4450	293
4450	636
4450	334
4450	567
4450	148
4450	621
4450	452
4450	348
4450	365
4450	186
4450	29
4450	669
4450	631
4450	278
4450	694
4450	370
4450	511
4450	511
4450	463
4450	583
4450	186
4450	589
4450	422
4450	645
4450	353
4450	588
4450	504
4450	261
4450	83
4450	373
4450	535
4450	278
4450	251
4450	185
4450	679
4450	501
4450	339
4450	662
4450	637
4450	432
4450	553
4450	389
4450	359
4450	317
4450	7
4450	371
4450	641
4450	570
4450	127
4450	680
4450	147
4450	357
4450	674
4450	669
4450	20
4450	54
4450	220
4450	105
4450	116
4450	231
4450	519
4450	132
4450	184
4450	285
4450	566
4450	696
4450	266
4450	149
4450	561
4450	511
4450	463
4450	236
4450	313
4450	577
4450	581
4450	409
4450	383
4450	339
4450	308
4450	591
4450	90
4450	371
4450	603
4450	583
4450	452
4450	277
4450	606
4450	216
4450	263
4450	549
4450	679
4450	238
4450	10
4450	443
4450	157
4450	679
4450	520
4450	679
4450	451
4450	377
4450	375
4450	315
4450	567
4450	261
4474	511
4483	616
4492	148
4492	88
4492	144
4492	254
4492	511
4492	651
4492	239
4492	538
4492	239
4492	144
4492	551
4492	88
4550	304
4550	17
4575	507
4575	577
4575	482
4575	685
4575	482
4575	42
4575	396
4575	685
4575	42
4575	507
4575	503
4575	503
4575	191
4575	191
4575	399
4575	685
4575	42
4581	409
4581	10
4581	15
4581	409
4581	633
4625	104
4660	304
4660	120
4660	471
4660	631
4660	161
4660	259
4660	330
4660	104
4660	584
4660	692
4660	451
4660	511
4660	402
4660	168
4660	332
4660	132
4660	156
4660	172
4660	51
4660	584
4660	511
4660	614
4660	156
4660	584
4660	104
4660	278
4660	443
4660	120
4660	402
4660	156
4660	638
4660	659
4660	201
4660	104
4660	156
4660	401
4660	584
4660	584
4660	104
4660	161
4660	259
4660	156
4660	692
4660	104
4660	120
4660	584
4660	156
4660	513
4660	573
4660	696
4660	505
4660	304
4660	132
4660	151
4660	132
4660	292
4660	120
4660	120
4660	156
4660	523
4668	88
4668	666
4759	308
4759	591
4759	402
4759	224
4798	207
4812	10
4812	259
4812	443
4812	308
4812	402
4812	519
4812	235
4812	285
4812	543
4812	104
4812	10
4812	193
4812	161
4812	61
4812	402
4812	370
4812	156
4812	207
4812	524
4812	278
4812	23
4812	402
4812	543
4812	308
4812	524
4812	278
4812	117
4812	402
4812	370
4812	543
4812	511
4812	502
4812	93
4812	511
4812	584
4812	679
4812	532
4812	308
4812	172
4812	308
4812	402
4812	517
4812	10
4812	631
4812	435
4812	93
4812	375
4812	502
4812	492
4812	198
4812	538
4812	454
4812	308
4812	578
4812	402
4812	554
4812	132
4812	285
4812	451
4812	692
4812	156
4812	175
4812	212
4812	186
4812	278
4812	337
4812	84
4812	402
4812	543
4812	153
4812	117
4812	0
4812	511
4812	369
4812	97
4812	451
4812	538
4812	292
4812	156
4812	285
4851	288
4851	98
4851	61
4851	696
4851	75
4851	207
4851	117
4851	65
4851	75
4851	545
4851	317
4851	301
4851	224
4851	402
4851	257
4851	330
4851	679
4851	692
4851	104
4851	584
4851	137
4851	81
4851	402
4851	536
4851	239
4851	318
4851	279
4851	391
4851	193
4851	132
4851	285
4851	544
4851	631
4851	23
4851	591
4851	679
4851	116
4851	169
4851	84
4851	319
4851	327
4851	402
4851	99
4851	295
4851	402
4851	156
4851	224
4851	375
4851	235
4851	285
4851	542
4851	309
4851	369
4851	193
4851	285
4851	631
4851	289
4851	304
4851	285
4851	193
4851	656
4851	666
4851	148
4851	133
4851	219
4857	132
4857	235
4857	285
4857	696
4857	543
4910	228
4910	667
4910	478
4910	656
4910	589
4910	536
4910	176
4910	588
4910	340
4910	199
4910	20
4910	615
4910	609
4931	100
4931	524
4931	239
4935	239
